##########################################################################################
### CosmicWatch: The Desktop Muon Detector
### Questions? saxani@mit.edu
### Comp_date Comp_time Event Ardn_time[ms] ADC[0-1023] SiPM[mV] Deadtime[ms] Temp[C] Name
##########################################################################################
Olen Slave nimega Sassu
1 2200 499 141.24 0 18.00
2 4246 167 28.76 16 18.00
3 5133 199 33.86 34 18.00
4 7473 496 144.49 52 18.00
5 11498 444 109.09 70 18.00
6 19653 412 92.93 93 18.00
7 19858 414 93.93 111 18.00
8 22523 344 64.67 129 18.00
9 24822 108 22.63 148 18.00
10 25316 412 92.93 166 18.00
11 26748 600 203.87 184 18.00
12 27823 579 187.32 203 18.00
13 28333 417 95.20 222 18.00
14 36762 368 72.93 240 18.00
15 41701 348 65.64 259 18.00
16 41924 231 39.55 277 18.00
17 46317 704 326.52 294 18.00
18 51760 332 61.17 310 18.00
19 52823 401 87.91 326 18.54
20 53244 263 45.37 342 19.07
21 55008 284 49.41 358 19.07
22 55059 211 35.96 374 19.61
23 55788 671 277.06 390 19.07
24 57017 193 32.84 409 19.61
25 62643 209 35.61 425 19.61
26 66195 480 130.21 441 19.07
27 67810 463 119.23 458 19.61
28 69212 713 333.08 475 19.61
29 70935 355 68.30 491 19.61
30 71666 195 33.17 507 19.61
