##########################################################################################
### CosmicWatch: The Desktop Muon Detector
### Questions? saxani@mit.edu
### Comp_date Comp_time Event Ardn_time[ms] ADC[0-1023] SiPM[mV] Deadtime[ms] Temp[C] Name
##########################################################################################
Olen Slave nimega Sassu
1 10122 273 47.25 57 15.74
2 11432 108 22.63 80 15.74
3 15540 48 15.29 115 15.74
4 23127 248 42.69 160 15.96
5 25647 51 15.86 185 15.96
6 27102 433 104.37 210 15.74
7 32564 319 57.64 234 16.39
8 36307 480 130.21 255 16.39
9 39495 49 15.48 274 16.39
10 48346 71 19.06 294 16.39
11 55203 312 55.68 313 16.49
12 59130 167 28.76 332 16.71
13 60884 193 32.84 351 16.60
14 61569 56 16.76 370 16.71
15 62243 408 90.57 389 16.71
16 70377 126 24.09 408 16.71
17 71342 63 17.91 425 16.71
18 80183 48 15.29 442 16.71
19 80748 624 242.54 459 16.71
20 86769 248 42.69 480 16.71
21 87928 472 125.87 497 16.71
22 88327 422 97.97 514 16.71
23 90962 376 76.43 530 16.71
24 92060 462 120.87 549 16.71
25 94636 423 97.36 565 16.71
26 98512 188 32.01 581 16.71
27 99982 216 36.85 597 16.71
28 101838 284 49.41 613 16.71
29 105432 88 20.96 629 16.71
30 110512 280 48.67 646 16.71
31 117647 263 45.37 663 16.71
32 118955 192 32.67 680 16.71
33 119207 199 33.86 697 16.71
34 123407 440 109.25 713 16.71
35 123680 572 183.73 729 16.71
36 128220 179 30.55 745 16.71
37 133093 152 26.78 761 16.71
38 139385 399 87.30 778 16.71
39 143790 384 80.08 795 16.71
40 148375 268 46.26 815 16.92
41 149265 536 160.18 832 16.92
42 152827 366 72.41 849 16.71
43 153860 448 112.41 866 16.92
44 158134 211 35.96 883 16.71
45 161230 686 278.39 899 17.35
46 164399 140 25.42 916 17.14
47 164735 135 24.92 933 17.35
48 165427 172 29.49 950 17.35
49 165552 339 62.98 966 17.35
