##########################################################################################
### CosmicWatch: The Desktop Muon Detector
### Questions? saxani@mit.edu
### Comp_date Comp_time Event Ardn_time[ms] ADC[0-1023] SiPM[mV] Deadtime[ms] Temp[C] Name
##########################################################################################
Olen Slave nimega Sassu
1 15364 302 53.30 0 19.61
2 19371 195 33.17 16 19.61
3 21481 231 39.55 34 19.61
4 22093 323 58.48 52 19.61
5 29872 192 32.67 70 19.61
6 45041 126 24.09 93 19.61
7 64800 115 23.18 111 -8.86
8 65840 76 19.69 129 19.61
9 65917 255 43.96 147 19.61
10 69251 307 54.48 165 19.61
11 72552 163 28.20 184 19.61
12 75675 163 28.20 203 20.04
13 77826 88 20.96 221 19.61
14 87986 167 28.76 239 19.72
15 89619 163 28.20 258 19.61
16 95631 79 20.03 277 20.58
17 100936 240 41.21 295 20.90
18 127921 224 38.29 321 20.90
19 131187 312 55.68 337 20.90
20 147590 536 160.18 353 20.90
21 148271 227 38.83 370 20.90
22 152253 126 24.09 386 20.90
23 153798 291 50.97 403 20.90
24 156756 192 32.67 417 20.90
25 158383 376 76.43 433 20.90
26 170842 201 34.22 449 21.11
27 173214 60 17.43 465 21.11
28 174190 384 80.08 482 20.90
29 178781 88 20.96 498 21.11
30 182356 198 33.69 514 21.11
31 187962 207 35.26 530 21.54
32 192938 147 26.19 546 21.54
33 196646 65 18.22 562 21.54
34 200814 140 25.42 579 21.54
35 216034 627 249.17 595 21.54
36 232573 304 53.73 611 22.19
37 247099 268 46.26 668 22.19
38 260315 108 22.63 685 22.19
39 266524 271 46.93 759 22.19
40 287771 96 21.67 808 22.19
41 294340 647 246.69 824 22.19
42 304211 428 101.58 840 22.19
43 305951 207 35.26 856 22.19
44 309646 96 21.67 872 -50.00
45 313238 275 47.73 888 22.19
46 315110 302 53.30 905 22.19
47 315332 127 24.18 921 22.19
48 328317 131 24.54 937 22.19
49 330589 176 30.09 954 22.19
50 345459 220 37.58 970 22.19
51 352273 647 246.69 986 22.19
52 356525 206 35.07 1003 22.19
53 365321 384 80.08 1019 22.19
54 370871 352 66.89 1035 22.19
55 378484 238 40.82 1052 22.19
56 381290 163 28.20 1072 22.19
57 398218 263 45.37 1089 22.19
58 408849 127 24.18 1106 22.19
59 410289 207 35.26 1123 22.19
60 413114 236 40.44 1139 22.19
61 422616 135 24.92 1156 22.19
62 423014 204 34.73 1173 22.19
63 424039 319 57.64 1189 22.19
64 427994 159 27.66 1205 22.19
65 437383 135 24.92 1221 22.19
66 438674 188 32.01 1238 22.29
67 443059 319 57.64 1254 22.29
68 443388 127 24.18 1270 22.19
69 444507 403 88.99 1286 22.29
70 448571 243 41.74 1302 22.29
71 459474 152 26.78 1319 22.51
72 463501 284 49.41 1338 22.40
73 466302 440 109.25 1355 22.40
74 467823 295 51.75 1371 22.51
75 469075 291 50.97 1388 22.51
76 471382 339 62.98 1405 22.29
77 473560 184 31.36 1421 22.51
78 476608 396 85.28 1437 22.51
79 480111 255 43.96 1453 22.51
80 482471 127 24.18 1469 22.51
81 487111 199 33.86 1486 22.51
82 520516 248 42.69 1502 22.51
83 524499 344 64.67 1519 22.51
84 525234 115 23.18 1535 22.72
85 539907 318 57.28 1599 22.51
86 540753 238 40.82 1615 22.72
87 546968 188 32.01 1631 22.72
88 549615 222 37.96 1650 22.51
89 571626 192 32.67 1666 22.51
90 574916 348 65.64 1682 22.72
91 591007 63 17.91 1698 22.72
92 592164 195 33.17 1715 22.94
93 601369 238 40.82 1731 22.72
94 615976 142 25.64 1748 23.15
95 621245 204 34.73 1765 22.72
96 622522 127 24.18 1781 22.94
97 623979 143 25.74 1798 22.94
98 629501 224 38.29 1815 23.15
99 647588 88 20.96 1832 23.15
100 655093 255 43.96 1848 23.15
101 662039 115 23.18 1865 23.15
102 676490 337 62.30 1882 23.15
103 678159 159 27.66 1899 22.94
104 698720 295 51.75 1918 23.15
105 705414 496 144.49 1935 23.15
106 706697 422 97.97 1952 23.15
107 707516 211 35.96 1969 23.15
108 708643 268 46.26 1985 23.15
109 715787 49 15.48 2002 23.15
110 751098 300 52.79 2019 23.15
111 762880 476 129.76 2036 23.15
112 765297 287 50.23 2053 23.15
113 774883 440 109.25 2070 23.15
114 778421 120 23.58 2087 23.15
115 791375 231 39.55 2104 23.15
116 794799 179 30.55 2121 23.15
117 798918 198 33.69 2137 23.15
118 802645 316 56.81 2154 23.15
119 809391 195 33.17 2171 23.15
120 815107 455 117.03 2190 23.15
121 824482 177 30.25 2207 23.15
122 834864 259 44.69 2223 23.15
123 838087 255 43.96 2240 23.15
124 842725 120 23.58 2256 23.15
125 850105 192 32.67 2273 23.15
126 851379 255 43.96 2289 23.15
127 857936 147 26.19 2305 23.15
128 864552 263 45.37 2321 23.15
129 869262 472 125.87 2338 23.15
130 871087 504 143.61 2355 23.15
131 878868 184 31.36 2372 23.15
132 880807 135 24.92 2388 23.15
133 913501 332 61.17 2405 23.15
134 926493 319 57.64 2422 23.15
135 926546 568 189.84 2441 23.15
136 928409 216 36.85 2457 23.15
137 931607 376 76.43 2473 23.15
138 950200 295 51.75 2489 23.15
139 950570 508 144.95 2506 23.15
140 955006 511 149.39 2522 23.15
141 958821 48 15.29 2538 23.15
142 967716 207 35.26 2563 23.15
143 973091 159 27.66 2579 23.15
144 998866 199 33.86 2635 23.15
145 1011418 350 66.46 2683 23.15
146 1020863 152 26.78 2736 23.15
147 1022904 540 166.11 2753 23.15
148 1033834 334 61.44 2798 23.15
149 1037160 376 76.43 2814 23.15
150 1039426 211 35.96 2833 23.15
151 1040819 156 27.28 2850 23.15
152 1041124 163 28.20 2867 23.15
153 1044689 147 26.19 2883 23.15
154 1047686 204 34.73 2900 23.15
155 1049795 184 31.36 2917 23.15
156 1084419 60 17.43 2934 23.15
157 1087908 248 42.69 2951 23.15
158 1089291 248 42.69 2968 23.15
159 1106389 263 45.37 2985 23.15
160 1113555 88 20.96 3002 23.15
161 1126568 263 45.37 3019 23.15
162 1140622 408 90.57 3072 23.15
163 1141112 387 81.05 3089 23.15
164 1147737 145 25.96 3106 23.15
165 1158916 344 64.67 3127 23.15
166 1163488 167 28.76 3183 23.15
167 1171148 344 64.67 3200 23.15
168 1198124 179 30.55 3301 23.15
169 1211445 199 33.86 3317 23.15
170 1212213 92 21.32 3334 23.15
171 1213441 241 41.39 3350 23.15
172 1217708 385 80.11 3367 23.15
173 1223761 195 33.17 3384 23.15
174 1229187 604 210.97 3441 23.15
175 1232659 135 24.92 3458 23.15
176 1243237 348 65.64 3494 23.48
177 1245167 206 35.07 3511 23.15
178 1251040 371 73.82 3528 23.15
179 1260840 448 112.41 3574 23.48
180 1263177 312 55.68 3591 23.80
181 1263787 231 39.55 3611 23.48
182 1269218 364 71.71 3628 23.80
183 1274759 177 30.25 3645 23.80
184 1284759 127 24.18 3662 23.80
185 1295798 224 38.29 3679 24.12
186 1301275 99 21.91 3696 23.80
187 1309898 419 97.20 3713 24.12
188 1315149 135 24.92 3730 24.12
189 1320982 156 27.28 3747 24.12
190 1325042 127 24.18 3764 24.23
191 1332857 240 41.21 3781 24.12
192 1339853 142 25.64 3798 24.12
193 1349501 206 35.07 3815 23.91
194 1357766 135 24.92 3832 24.23
195 1359863 71 19.06 3849 24.23
196 1360416 211 35.96 3869 24.23
197 1368690 227 38.83 3885 24.12
198 1369340 211 35.96 3902 24.34
199 1372441 387 81.05 3918 24.23
200 1388365 209 35.61 3962 24.23
201 1391962 255 43.96 3979 24.23
202 1392743 255 43.96 3996 24.34
203 1393435 152 26.78 4012 24.23
204 1395456 63 17.91 4028 24.23
205 1401712 163 28.20 4045 24.23
206 1413850 158 27.53 4062 24.44
207 1420072 131 24.54 4079 24.34
208 1420850 248 42.69 4096 24.44
209 1433532 199 33.86 4113 24.34
210 1436853 408 90.57 4130 24.23
211 1445806 207 35.26 4150 24.34
212 1458717 120 23.58 4179 24.34
213 1463399 307 54.48 4196 24.44
214 1467717 216 36.85 4213 24.34
215 1469010 192 32.67 4230 24.44
216 1484762 270 46.71 4247 24.44
217 1487373 295 51.75 4264 24.44
218 1495455 143 25.74 4281 24.44
219 1504469 110 22.78 4298 24.34
220 1507162 158 27.53 4315 24.34
221 1509982 268 46.26 4332 24.44
222 1514643 96 21.67 4349 24.44
223 1517447 259 44.69 4366 24.44
224 1520294 412 92.93 4383 24.44
225 1528115 366 72.41 4400 24.44
226 1528204 551 164.56 4420 24.44
227 1533567 207 35.26 4437 24.44
228 1535066 492 134.92 4454 24.34
229 1543422 334 61.44 4471 24.44
230 1544637 152 26.78 4488 24.44
231 1550888 455 117.03 4505 24.44
232 1554938 460 119.54 4522 24.44
233 1560157 145 25.96 4539 24.44
234 1563142 259 44.69 4556 24.44
235 1573198 174 29.79 4573 24.44
236 1575623 222 37.96 4590 24.44
237 1576810 152 26.78 4607 24.44
238 1579328 163 28.20 4624 24.44
239 1584558 248 42.69 4641 24.44
240 1600717 135 24.92 4658 24.44
241 1601138 174 29.79 4678 24.44
242 1606576 71 19.06 4694 24.44
243 1618058 124 23.92 4717 24.44
244 1623221 188 32.01 4734 24.44
245 1632962 327 59.28 4750 24.44
246 1643413 236 40.44 4767 24.12
247 1650188 344 64.67 4784 24.12
248 1654359 224 38.29 4801 24.12
249 1655420 76 19.69 4818 24.12
250 1655552 92 21.32 4834 24.12
251 1659966 81 20.25 4850 24.12
252 1662111 255 43.96 4867 24.12
253 1670522 152 26.78 4883 24.23
254 1687390 113 23.02 4900 24.12
255 1692808 143 25.74 4917 24.12
256 1699188 252 43.42 4937 23.48
257 1701221 224 38.29 4953 23.15
258 1716864 216 36.85 4970 23.15
259 1717797 167 28.76 4987 23.15
260 1723654 335 61.77 5003 23.48
261 1725441 268 46.26 5019 23.48
262 1726190 344 64.67 5036 23.48
263 1747208 561 174.17 5052 23.15
264 1747467 286 49.78 5069 23.15
265 1764252 263 45.37 5085 23.15
266 1776833 302 53.30 5102 23.15
267 1803266 280 48.67 5119 23.15
268 1804524 216 36.85 5136 23.15
269 1809661 159 27.66 5153 23.15
270 1829392 143 25.74 5170 23.15
271 1847486 167 28.76 5190 22.94
272 1847673 167 28.76 5207 23.15
273 1855436 112 22.94 5223 22.72
274 1858808 184 31.36 5240 22.29
275 1861265 134 24.82 5257 22.72
276 1864497 231 39.55 5274 22.51
277 1868502 199 33.86 5291 23.15
278 1874309 236 40.44 5308 22.51
279 1878503 220 37.58 5325 22.72
280 1895752 199 33.86 5342 23.15
281 1898727 287 50.23 5359 23.15
282 1906204 270 46.71 5376 23.15
283 1906963 263 45.37 5393 23.15
284 1908661 519 154.30 5410 23.15
285 1914054 560 175.34 5427 23.15
286 1914615 145 25.96 5447 23.15
287 1925027 632 232.56 5464 23.15
288 1925277 71 19.06 5481 23.15
289 1936730 335 61.77 5498 23.15
290 1937404 156 27.28 5515 23.15
291 1937690 455 117.03 5531 23.15
292 1944452 152 26.78 5548 23.15
293 1959665 252 43.42 5565 23.15
294 1967619 231 39.55 5582 22.51
295 1971798 284 49.41 5599 22.51
296 1973585 263 45.37 5616 22.51
297 1990940 334 61.44 5633 22.51
298 2003922 231 39.55 5650 22.94
299 2010429 159 27.66 5667 23.15
300 2011683 368 72.93 5684 23.15
301 2015711 67 18.51 5704 23.15
302 2027229 691 332.16 5721 23.15
303 2027769 131 24.54 5738 23.15
304 2044129 300 52.79 5755 23.15
305 2050634 241 41.39 5772 23.15
306 2059753 225 38.48 5789 23.15
307 2083587 600 203.87 5806 23.15
308 2122646 207 35.26 5823 22.94
309 2139747 211 35.96 5840 22.51
310 2143402 366 72.41 5857 22.51
311 2159290 156 27.28 5874 22.51
312 2170500 56 16.76 5891 22.51
313 2197288 97 21.75 5908 22.51
314 2197762 135 24.92 5925 22.51
315 2199217 152 26.78 5942 22.51
316 2215705 327 59.28 5962 22.29
317 2216999 140 25.42 5979 22.29
318 2229495 227 38.83 5996 22.19
319 2237262 399 87.30 6013 22.19
320 2237613 344 64.67 6030 22.19
321 2242257 344 64.67 6046 22.19
322 2243134 327 59.28 6063 22.19
323 2253923 143 25.74 6079 22.19
324 2276844 231 39.55 6096 22.19
325 2289627 304 53.73 6113 22.19
326 2298172 56 16.76 6130 22.19
327 2304434 240 41.21 6147 22.19
328 2308758 184 31.36 6164 22.19
329 2311688 207 35.26 6181 22.19
330 2312207 216 36.85 6198 22.19
331 2314803 337 62.30 6217 22.19
332 2315942 204 34.73 6234 22.19
333 2322184 359 69.86 6251 22.19
334 2335154 243 41.74 6268 22.19
335 2336721 220 37.58 6285 22.19
336 2338423 172 29.49 6302 22.19
337 2340172 327 59.28 6319 22.19
338 2342158 472 125.87 6336 22.19
339 2351103 174 29.79 6353 22.19
340 2351742 449 112.05 6370 22.19
341 2352112 156 27.28 6386 22.19
342 2358906 224 38.29 6402 22.19
343 2358936 297 52.13 6419 22.19
344 2364185 103 22.23 6436 22.19
345 2366901 83 20.46 6453 22.19
346 2370216 302 53.30 6473 22.19
347 2373292 120 23.58 6490 22.19
348 2375964 262 45.24 6507 22.19
349 2386124 568 189.84 6524 22.19
350 2413252 135 24.92 6541 22.19
351 2414339 193 32.84 6558 22.19
352 2416637 224 38.29 6575 22.19
353 2417501 716 337.96 6592 22.19
354 2426364 184 31.36 6609 22.19
355 2433291 195 33.17 6626 22.19
356 2440301 176 30.09 6643 22.19
357 2440562 158 27.53 6664 21.97
358 2450908 286 49.78 6681 21.97
359 2451240 463 119.23 6698 21.76
360 2468625 352 66.89 6715 21.54
361 2480550 63 17.91 6734 21.54
362 2481288 678 274.92 6751 21.54
363 2498001 304 53.73 6767 21.33
364 2500058 335 61.77 6783 21.33
365 2509134 440 109.25 6800 20.90
366 2513680 176 30.09 6817 20.90
367 2521474 63 17.91 6834 20.90
368 2524690 145 25.96 6851 20.90
369 2544484 355 68.30 6868 20.90
370 2548735 192 32.67 6884 20.90
371 2552603 263 45.37 6901 20.90
372 2555985 419 97.20 6918 20.90
373 2556573 652 262.10 6934 20.90
374 2557237 184 31.36 6950 20.90
375 2567512 159 27.66 6966 20.90
376 2595808 156 27.28 6986 20.90
377 2597135 209 35.61 7002 20.90
378 2601341 120 23.58 7018 20.90
379 2604830 102 22.15 7035 20.90
380 2607134 115 23.18 7052 20.90
381 2611220 216 36.85 7069 20.90
382 2612105 268 46.26 7086 20.90
383 2631011 364 71.71 7103 20.90
384 2634404 140 25.42 7120 20.90
385 2648718 240 41.21 7137 20.58
386 2661791 204 34.73 7154 19.93
387 2663226 352 66.89 7171 19.93
388 2673457 51 15.86 7188 19.82
389 2674976 211 35.96 7205 19.82
390 2683222 335 61.77 7221 20.04
391 2683934 319 57.64 7241 19.72
392 2684448 543 164.77 7257 19.82
393 2686505 307 54.48 7274 19.61
394 2720176 195 33.17 7291 19.61
395 2726867 227 38.83 7308 19.61
396 2728311 291 50.97 7325 19.61
397 2730174 275 47.73 7342 19.61
398 2737043 335 61.77 7359 19.61
399 2740397 156 27.28 7376 19.61
400 2763808 316 56.81 7393 19.61
401 2769567 147 26.19 7410 19.61
402 2778308 216 36.85 7427 19.61
403 2781679 195 33.17 7444 19.61
404 2785735 140 25.42 7461 19.61
405 2785991 224 38.29 7478 19.61
406 2787407 636 231.85 7498 19.61
407 2791692 167 28.76 7515 19.61
408 2815554 193 32.84 7532 19.61
409 2830529 254 43.77 7549 19.61
410 2835154 192 32.67 7566 19.61
411 2836206 206 35.07 7583 19.61
412 2864307 236 40.44 7600 19.61
413 2872900 147 26.19 7617 19.61
414 2877386 163 28.20 7634 19.61
415 2883536 172 29.49 7651 19.61
416 2883997 48 15.29 7668 19.61
417 2884537 216 36.85 7684 19.61
418 2900701 184 31.36 7700 19.61
419 2903649 304 53.73 7717 19.61
420 2903851 377 76.28 7734 19.61
421 2919674 284 49.41 7753 19.61
422 2923658 236 40.44 7770 19.61
423 2938904 56 16.76 7787 19.61
424 2942088 216 36.85 7804 19.61
425 2946491 184 31.36 7821 19.61
426 2965647 88 20.96 7838 19.61
427 2976476 371 73.82 7855 19.61
428 2978552 142 25.64 7872 19.61
429 2986695 588 183.26 7889 19.61
430 2997090 295 51.75 7906 19.61
431 3003547 295 51.75 7923 19.61
432 3007634 368 72.93 7940 19.61
433 3014532 263 45.37 7957 19.61
434 3020935 248 42.69 7974 19.61
435 3021367 280 48.67 7991 19.07
436 3026557 152 26.78 8008 18.54
437 3033034 352 66.89 8028 18.54
438 3044621 143 25.74 8045 18.00
439 3057600 103 22.23 8062 18.54
440 3058956 195 33.17 8079 18.54
441 3062170 334 61.44 8096 18.00
442 3071594 423 97.36 8113 18.00
443 3087010 172 29.49 8130 18.00
444 3103342 231 39.55 8147 18.00
445 3104257 145 25.96 8164 18.00
446 3105330 120 23.58 8181 18.00
447 3113656 542 168.67 8198 18.00
448 3132605 120 23.58 8215 18.00
449 3144168 207 35.26 8232 18.00
450 3146768 263 45.37 8249 18.00
451 3158357 207 35.26 8266 18.00
452 3160945 255 43.96 8286 18.00
453 3170418 174 29.79 8303 18.00
454 3179898 211 35.96 8320 18.00
455 3193775 248 42.69 8337 18.00
456 3198404 176 30.09 8354 18.00
457 3202418 163 28.20 8371 18.00
458 3205701 105 22.39 8388 18.00
459 3217311 287 50.23 8405 18.00
460 3227044 467 121.56 8422 18.00
461 3236162 227 38.83 8439 18.00
462 3244314 339 62.98 8456 17.57
463 3247767 415 95.00 8473 18.00
464 3253054 99 21.91 8490 17.57
465 3259458 231 39.55 8507 17.57
466 3259534 152 26.78 8524 17.78
467 3263444 152 26.78 8543 17.78
468 3272443 430 101.41 8560 17.35
469 3282536 204 34.73 8577 17.35
470 3289599 216 36.85 8594 17.57
471 3294915 192 32.67 8611 17.35
472 3295217 563 181.65 8628 17.35
473 3299433 536 160.18 8645 17.35
474 3301161 636 231.85 8662 17.35
475 3302355 147 26.19 8679 17.35
476 3304571 176 30.09 8696 17.35
477 3312157 172 29.49 8713 17.57
478 3328455 220 37.58 8730 17.35
479 3331690 195 33.17 8747 17.35
480 3335492 352 66.89 8764 17.35
481 3353057 295 51.75 8781 17.35
482 3355470 96 21.67 8801 17.35
483 3359454 65 18.22 8817 17.35
484 3376708 56 16.76 8834 17.35
485 3385303 531 160.62 8851 17.14
486 3385693 371 73.82 8868 17.35
487 3389173 248 42.69 8884 17.14
488 3391230 280 48.67 8901 17.35
489 3405810 195 33.17 8918 16.71
490 3411196 71 19.06 8934 16.71
491 3411882 384 80.08 8951 16.71
492 3429099 295 51.75 8967 16.71
493 3432288 179 30.55 8984 16.71
494 3437475 204 34.73 9000 16.71
495 3450666 591 188.65 9017 16.71
496 3457869 384 80.08 9034 16.71
497 3469594 179 30.55 9054 16.71
498 3482972 140 25.42 9070 16.71
499 3484067 236 40.44 9087 16.71
500 3487907 220 37.58 9104 16.71
501 3497441 255 43.96 9120 16.71
502 3497576 184 31.36 9137 16.71
503 3513479 224 38.29 9153 16.71
504 3514348 280 48.67 9170 16.71
505 3531811 423 97.36 9187 16.71
506 3533256 412 92.93 9203 16.71
507 3534477 248 42.69 9219 16.71
508 3535038 268 46.26 9236 16.71
509 3539559 492 134.92 9253 16.71
510 3539938 463 119.23 9270 16.71
511 3548710 327 59.28 9286 16.71
512 3551458 159 27.66 9305 16.71
513 3555580 192 32.67 9322 16.71
514 3560444 344 64.67 9339 16.71
515 3564441 312 55.68 9356 16.71
516 3565015 153 26.90 9373 16.71
517 3567587 440 109.25 9390 16.71
518 3570947 167 28.76 9407 16.71
519 3573290 207 35.26 9424 16.71
520 3584574 156 27.28 9441 16.71
521 3596344 435 104.92 9458 16.71
522 3599437 60 17.43 9475 16.71
523 3601546 252 43.42 9492 16.71
524 3603759 144 25.85 9509 16.71
525 3607426 280 48.67 9526 16.71
526 3608994 113 23.02 9543 16.71
527 3624772 108 22.63 9563 16.71
528 3648820 254 43.77 9580 16.71
529 3654739 231 39.55 9597 16.71
530 3661641 608 202.86 9614 16.71
531 3674923 551 164.56 9631 16.71
532 3682929 79 20.03 9648 16.71
533 3699371 206 35.07 9665 16.71
534 3705658 184 31.36 9682 16.71
535 3729575 355 68.30 9699 16.71
536 3740969 355 68.30 9716 16.71
537 3744319 159 27.66 9733 16.71
538 3745236 195 33.17 9750 16.71
539 3746196 231 39.55 9766 16.71
540 3746481 184 31.36 9783 16.71
541 3756177 163 28.20 9799 16.71
542 3756494 403 88.99 9819 16.71
543 3762921 368 72.93 9835 16.71
544 3768980 472 125.87 9852 16.71
545 3777471 236 40.44 9869 16.71
546 3780559 519 154.30 9886 16.71
547 3790531 271 46.93 9903 16.71
548 3793548 302 53.30 9920 16.71
549 3799574 472 125.87 9941 16.71
550 3800680 371 73.82 9958 16.71
551 3805483 81 20.25 9975 16.60
552 3827303 259 44.69 9992 16.60
553 3833589 62 17.75 10009 16.60
554 3834633 359 69.86 10026 16.60
555 3839165 224 38.29 10043 16.49
556 3841269 355 68.30 10060 16.60
557 3842327 275 47.73 10080 16.39
558 3845525 332 61.17 10097 16.49
559 3848722 496 144.49 10114 16.39
560 3852012 399 87.30 10131 16.60
561 3856995 243 41.74 10148 16.60
562 3860985 56 16.76 10165 16.49
563 3872796 318 57.28 10182 16.49
564 3886022 48 15.29 10199 16.39
565 3892494 231 39.55 10216 16.39
566 3895956 615 227.36 10233 16.39
567 3904799 448 112.41 10250 16.39
568 3907145 199 33.86 10267 16.49
569 3917291 248 42.69 10284 16.49
570 3922861 167 28.76 10301 16.39
571 3929593 143 25.74 10321 16.39
572 3933427 252 43.42 10338 16.39
573 3936674 399 87.30 10355 16.39
574 3937152 167 28.76 10372 16.39
575 3937212 359 69.86 10389 16.39
576 3937821 295 51.75 10405 16.39
577 3944637 167 28.76 10422 16.39
578 3968265 280 48.67 10439 16.39
579 3973297 240 41.21 10456 16.39
580 3974634 428 101.58 10473 16.39
581 3975351 176 30.09 10490 16.39
582 3977019 504 143.61 10507 16.39
583 3982074 96 21.67 10524 16.39
584 3987858 207 35.26 10541 16.39
585 3992602 384 80.08 10558 16.39
586 4001384 572 183.73 10578 16.39
587 4007103 159 27.66 10595 16.39
588 4007573 611 211.89 10612 16.39
589 4011238 152 26.78 10629 16.39
590 4035872 604 210.97 10646 16.17
591 4059666 94 21.50 10663 16.39
592 4089863 284 49.41 10680 15.96
593 4095522 579 187.32 10697 15.74
594 4106266 172 29.49 10714 15.74
595 4111499 316 56.81 10731 15.74
596 4114185 177 30.25 10748 15.74
597 4122242 188 32.01 10765 15.96
598 4128424 368 72.93 10782 15.74
599 4134230 384 80.08 10799 15.74
600 4151740 519 154.30 10819 15.74
601 4152184 159 27.66 10836 15.74
602 4158395 519 154.30 10852 15.74
603 4172560 302 53.30 10869 15.74
604 4176989 252 43.42 10886 15.74
605 4177933 307 54.48 10903 15.74
606 4191096 335 61.77 10919 15.74
607 4193278 231 39.55 10936 15.74
608 4209895 323 58.48 10953 15.74
609 4211999 248 42.69 10970 15.74
610 4227682 579 187.32 10987 15.74
611 4235360 380 78.12 11004 15.74
612 4236913 563 181.65 11021 15.21
613 4236991 595 212.63 11038 15.74
614 4246572 639 249.88 11055 15.74
615 4246609 224 38.29 11075 15.74
616 4247302 67 18.51 11091 15.74
617 4259679 176 30.09 11108 15.74
618 4265882 319 57.64 11125 15.74
