##########################################################################################
### CosmicWatch: The Desktop Muon Detector
### Questions? saxani@mit.edu
### Comp_date Comp_time Event Ardn_time[ms] ADC[0-1023] SiPM[mV] Deadtime[ms] Temp[C] Name
##########################################################################################
Olen Slave nimega Sassu
1 9746 385 80.11 0 15.74
2 12022 255 43.96 13 15.74
3 13967 384 80.08 29 15.74
4 31785 344 64.67 45 15.74
5 39513 412 92.93 61 15.74
6 43513 359 69.86 80 15.74
7 49080 273 47.25 96 15.74
8 58160 391 82.35 112 15.74
9 59372 224 38.29 128 15.74
10 63715 199 33.86 144 15.74
11 67535 135 24.92 160 15.74
12 70005 217 37.04 176 15.74
13 73732 240 41.21 192 15.74
14 74150 280 48.67 208 15.74
15 77269 152 26.78 224 15.74
16 94956 110 22.78 240 15.74
17 119669 560 175.34 256 15.21
18 125067 737 467.99 272 15.21
19 137685 236 40.44 288 15.74
20 140255 492 134.92 304 14.88
21 144483 704 326.52 321 14.88
22 147231 204 34.73 337 15.74
23 149915 423 97.36 356 15.21
24 150845 312 55.68 372 14.88
25 153351 199 33.86 388 14.67
26 166896 143 25.74 404 15.21
27 168913 112 22.94 421 15.21
28 184788 268 46.26 437 14.78
29 187462 359 69.86 454 14.56
30 194970 152 26.78 470 14.13
31 197339 199 33.86 486 14.13
32 199544 67 18.51 502 14.67
33 205081 143 25.74 519 14.13
34 205929 280 48.67 536 14.13
35 210984 271 46.93 553 14.67
36 211381 657 260.46 570 14.35
37 213844 224 38.29 586 14.35
38 218581 295 51.75 603 14.13
39 227121 54 16.41 620 14.67
40 228201 222 37.96 639 14.13
41 228548 88 20.96 655 14.67
42 247418 220 37.58 671 14.13
43 259532 440 109.25 687 14.13
44 261619 195 33.17 703 14.13
45 273246 238 40.82 719 14.13
46 273428 558 172.78 736 14.13
47 275659 222 37.96 752 14.13
48 289397 287 50.23 768 14.13
49 289525 483 132.60 785 14.13
50 290190 319 57.64 801 14.13
51 293664 284 49.41 817 14.13
52 299325 252 43.42 833 14.13
53 327058 358 69.10 850 14.13
54 329050 496 144.49 866 14.67
55 352304 721 433.48 883 14.13
56 357948 319 57.64 902 14.13
57 358998 359 69.86 918 14.13
58 360955 51 15.86 934 14.13
59 378846 63 17.91 950 14.67
60 379090 252 43.42 967 14.13
61 384207 590 200.72 983 14.13
62 394289 184 31.36 999 14.13
63 398097 476 129.76 1015 14.13
64 412706 88 20.96 1032 14.13
65 414942 350 66.46 1049 14.13
66 427415 487 132.65 1065 14.13
67 432141 192 32.67 1082 14.13
68 437882 408 90.57 1098 14.13
69 443422 48 15.29 1114 14.13
70 444657 414 93.93 1131 14.13
71 447868 263 45.37 1147 14.13
72 449560 216 36.85 1164 14.13
73 452987 384 80.08 1183 14.13
74 470724 419 97.20 1199 14.13
75 472441 224 38.29 1216 14.13
76 472739 472 125.87 1233 14.13
77 473490 206 35.07 1250 14.13
78 480535 159 27.66 1266 14.13
79 481583 255 43.96 1283 14.13
80 485311 302 53.30 1299 14.13
81 496029 248 42.69 1316 14.13
82 510290 307 54.48 1333 14.13
83 510554 71 19.06 1350 14.13
84 525974 224 38.29 1367 14.13
85 542243 327 59.28 1384 14.13
86 544814 574 181.47 1400 14.13
87 553855 543 164.77 1417 14.13
88 554594 318 57.28 1434 14.13
89 556025 371 73.82 1448 14.13
90 565369 270 46.71 1464 14.13
91 569970 172 29.49 1481 14.13
92 573967 558 172.78 1498 14.13
93 574572 348 65.64 1515 14.13
94 582691 188 32.01 1531 14.13
95 585988 547 162.22 1547 14.13
96 588483 51 15.86 1564 14.13
97 604063 280 48.67 1580 14.13
98 611437 583 201.26 1597 14.13
99 622458 348 65.64 1614 14.13
100 623864 560 175.34 1630 14.13
101 625009 504 143.61 1647 14.13
