##########################################################################################
### CosmicWatch: The Desktop Muon Detector
### Questions? saxani@mit.edu
### Comp_date Comp_time Event Ardn_time[ms] ADC[0-1023] SiPM[mV] Deadtime[ms] Temp[C] Name
##########################################################################################
Olen Slave nimega Sassu
1 1169 204 34.73 0 16.71
2 3159 192 32.67 15 16.71
3 4013 195 33.17 33 4.36
4 21887 243 41.74 74 16.71
5 22539 711 380.66 92 16.71
6 27792 286 49.78 110 16.71
7 28763 120 23.58 126 16.71
8 37611 188 32.01 144 16.71
9 44915 236 40.44 162 16.39
10 53964 140 25.42 181 15.74
11 57543 204 34.73 200 15.74
12 71108 159 27.66 219 15.74
13 71486 83 20.46 238 16.39
14 73137 353 67.64 262 16.39
15 73704 156 27.28 281 15.96
16 76711 176 30.09 299 16.17
17 91115 207 35.26 316 16.39
18 94613 334 61.44 332 16.39
19 101958 204 34.73 348 16.39
20 103180 158 27.53 364 16.17
21 107391 451 113.08 380 18.64
22 113032 248 42.69 401 16.39
23 116306 451 113.08 417 20.04
24 131056 198 33.69 436 16.49
25 134092 327 59.28 452 15.74
26 135258 335 61.77 468 16.39
27 135731 127 24.18 484 16.39
28 138095 312 55.68 500 16.39
29 141357 222 37.96 516 16.39
30 150737 113 23.02 532 16.39
31 153117 56 16.76 548 16.71
32 169164 193 32.84 564 15.74
33 172805 323 58.48 580 16.49
34 173635 384 80.08 597 16.39
35 177737 591 188.65 613 16.39
36 182400 163 28.20 630 16.49
37 189131 224 38.29 646 16.71
38 192665 312 55.68 663 16.49
39 197159 159 27.66 679 16.39
40 204365 192 32.67 698 15.74
41 221903 304 53.73 714 16.71
42 232901 206 35.07 730 16.49
43 233808 199 33.86 746 16.39
44 238224 353 67.64 762 16.39
45 239904 263 45.37 778 16.71
46 241268 350 66.46 795 16.60
47 242071 380 78.12 811 16.39
48 243675 472 125.87 827 19.29
49 243923 145 25.96 844 16.49
50 250956 376 76.43 860 16.39
51 253856 172 29.49 876 16.39
52 268538 236 40.44 892 16.71
53 269632 184 31.36 909 16.71
54 270304 211 35.96 925 16.39
55 271289 540 166.11 941 16.39
56 271497 263 45.37 958 16.49
57 274321 161 27.93 972 16.71
58 276785 152 26.78 988 16.49
59 281454 508 144.95 1004 16.49
60 284983 161 27.93 1021 16.71
61 285319 248 42.69 1037 16.60
62 286169 222 37.96 1054 16.49
63 296343 227 38.83 1070 16.39
64 300180 785 647.86 1087 16.17
65 300883 391 82.35 1104 16.49
66 303360 207 35.26 1120 16.17
67 317330 451 113.08 1136 16.71
68 320119 327 59.28 1152 16.71
69 320975 236 40.44 1169 16.49
70 326238 295 51.75 1185 16.71
71 344820 496 144.49 1202 16.71
72 365971 312 55.68 1222 16.39
73 367778 121 23.66 1238 16.71
74 372671 339 62.98 1255 16.49
75 376104 409 91.12 1271 16.49
76 379054 550 172.20 1287 16.60
77 387189 135 24.92 1304 16.39
78 393321 364 71.71 1321 16.39
79 396225 115 23.18 1337 16.71
80 396478 255 43.96 1354 16.39
81 404321 295 51.75 1370 16.39
82 421542 147 26.19 1387 16.39
83 421892 231 39.55 1404 16.39
84 428561 515 147.53 1420 16.39
85 431877 271 46.93 1437 16.39
86 439314 259 44.69 1454 16.60
87 443109 124 23.92 1471 16.71
88 449785 62 17.75 1491 16.49
89 455753 364 71.71 1508 16.39
90 462979 348 65.64 1524 16.39
91 465004 147 26.19 1540 16.39
92 465715 199 33.86 1557 16.17
93 468147 358 69.10 1573 16.39
94 480049 462 120.87 1589 16.39
95 486728 163 28.20 1606 16.39
96 491091 280 48.67 1623 16.39
97 515627 94 21.50 1640 16.39
98 516706 167 28.76 1656 16.39
99 520170 190 32.33 1672 16.49
100 521636 63 17.91 1688 16.39
101 537542 177 30.25 1705 16.39
102 542838 494 141.37 1722 18.11
103 552831 504 143.61 1746 16.17
104 569875 199 33.86 1766 16.39
105 573954 147 26.19 1783 16.39
106 582594 184 31.36 1800 16.39
107 593458 344 64.67 1817 16.39
108 595929 327 59.28 1834 16.39
109 601636 252 43.42 1851 15.96
110 604227 163 28.20 1868 16.39
111 623442 268 46.26 1885 16.39
112 625822 270 46.71 1902 15.96
113 627503 145 25.96 1919 16.39
114 632523 344 64.67 1936 16.39
115 635112 227 38.83 1953 16.17
116 644231 480 130.21 1970 15.74
117 654544 231 39.55 1987 16.39
118 658911 344 64.67 2004 15.74
119 662733 184 31.36 2021 15.74
120 664995 140 25.42 2041 15.96
121 665314 152 26.78 2058 16.39
122 672662 240 41.21 2075 16.39
123 673697 184 31.36 2092 16.28
124 682443 376 76.43 2109 15.74
