##########################################################################################
### Pulsi_number Aeg[ms] ADC[0-1023] SiPM[mV] Surnud_aeg[ms] Temperatuur[C]
##########################################################################################
Olen Master nimega Sassu
1 263 140 25.42 0 24.44
2 7947 188 32.01 7684 24.44
3 12712 184 31.36 12448 24.44
4 15518 184 31.36 15253 24.44
5 17996 184 31.36 17731 24.44
6 20404 188 32.01 20139 24.44
7 30535 188 32.01 30269 24.44
8 37497 184 31.36 37230 24.44
9 37601 184 31.36 37334 24.44
10 48211 188 32.01 47943 24.44
11 51837 188 32.01 51568 24.44
12 53637 184 31.36 53367 24.44
13 56432 195 33.17 56161 24.44
14 65877 179 30.55 65605 24.44
15 79318 184 31.36 79046 24.44
16 94062 184 31.36 93789 24.44
17 100624 184 31.36 100350 24.44
18 104774 184 31.36 104500 24.44
19 117840 184 31.36 117565 24.44
20 121264 192 32.67 120989 24.44
21 128152 179 30.55 127876 24.44
22 128192 184 31.36 127916 24.44
23 130776 184 31.36 130500 24.44
24 137198 177 30.25 136920 24.44
25 146049 188 32.01 145772 24.44
26 147804 176 30.09 147526 24.44
27 151107 204 34.73 150828 24.44
28 155501 184 31.36 155222 24.44
29 161687 184 31.36 161407 24.44
30 183734 184 31.36 183454 24.44
31 187089 184 31.36 186807 24.44
32 194330 184 31.36 194048 24.44
33 196471 332 61.17 196188 24.98
34 202638 184 31.36 202354 24.98
35 205800 184 31.36 205515 25.20
36 207337 184 31.36 207051 25.52
37 224851 216 36.85 224565 25.52
38 226212 184 31.36 225925 25.73
39 232998 199 33.86 232711 26.05
40 237572 184 31.36 237285 26.05
41 245640 184 31.36 245353 26.05
42 249218 179 30.55 248930 26.05
43 251276 184 31.36 250987 26.05
44 252264 188 32.01 251973 26.05
45 256297 227 38.83 256006 26.05
46 256398 179 30.55 256106 26.05
47 267656 284 49.41 267364 26.05
48 280447 188 32.01 280154 26.05
49 287814 179 30.55 287520 26.05
50 291350 184 31.36 291055 26.05
51 297515 184 31.36 297220 26.05
52 306033 236 40.44 305737 26.05
53 315586 231 39.55 315290 26.05
54 318001 199 33.86 317704 26.05
55 326902 227 38.83 326604 26.05
56 326996 216 36.85 326697 26.05
57 332546 184 31.36 332247 26.27
58 333172 184 31.36 332872 26.05
59 348485 184 31.36 348184 26.27
60 378232 184 31.36 377931 26.48
61 380194 184 31.36 379892 26.70
62 395365 184 31.36 395062 26.70
63 398901 184 31.36 398598 26.70
64 399439 188 32.01 399135 26.70
65 402075 224 38.29 401770 26.70
66 407274 177 30.25 406969 26.70
67 410883 207 35.26 410578 26.70
68 413597 184 31.36 413291 26.70
69 417887 560 175.34 417581 26.70
70 418043 184 31.36 417736 26.70
71 423708 192 32.67 423401 26.70
72 458590 207 35.26 458283 26.70
73 477494 184 31.36 477187 27.13
74 477558 184 31.36 477249 27.13
75 485095 184 31.36 484786 27.13
76 503463 184 31.36 503154 27.34
77 505312 184 31.36 505002 27.34
78 514600 262 45.24 514289 27.34
79 515738 177 30.25 515425 27.34
80 516972 177 30.25 516658 27.34
81 520911 184 31.36 520598 27.34
82 532123 184 31.36 531808 27.34
83 532734 184 31.36 532420 27.34
84 567648 184 31.36 567333 27.34
85 584528 551 164.56 584212 27.34
86 585571 280 48.67 585254 27.34
87 589316 188 32.01 588999 27.34
88 599860 184 31.36 599543 27.34
89 600688 184 31.36 600369 27.34
90 601524 184 31.36 601205 27.34
91 602949 224 38.29 602629 27.34
92 603880 177 30.25 603559 27.34
93 616368 184 31.36 616048 27.34
94 622115 184 31.36 621794 27.34
95 624818 184 31.36 624496 27.34
96 633341 184 31.36 633018 27.34
97 635255 184 31.36 634931 27.34
98 639331 184 31.36 639006 27.34
99 642140 184 31.36 641816 27.34
100 645993 179 30.55 645667 27.34
101 653225 184 31.36 652900 27.34
102 653704 184 31.36 653378 27.34
103 671105 184 31.36 670778 27.34
104 671596 211 35.96 671268 27.34
105 673321 188 32.01 672993 27.34
106 680606 184 31.36 680277 27.34
107 686659 184 31.36 686329 27.34
108 699315 179 30.55 698985 27.34
109 706862 184 31.36 706531 27.34
110 709747 184 31.36 709416 27.34
111 712027 184 31.36 711695 27.34
112 715860 179 30.55 715527 27.34
113 716462 184 31.36 716129 27.34
114 721656 193 32.84 721322 27.34
115 724757 185 31.51 724422 27.34
116 730043 224 38.29 729708 27.34
117 741475 184 31.36 741140 27.34
118 743091 184 31.36 742756 27.34
119 743396 184 31.36 743060 27.34
120 747386 184 31.36 747050 27.34
121 748354 184 31.36 748016 27.34
122 755674 184 31.36 755336 27.34
123 760750 188 32.01 760412 27.34
124 762661 300 52.79 762322 27.34
125 766821 184 31.36 766481 27.34
126 785243 184 31.36 784904 27.34
127 789562 184 31.36 789221 27.34
128 790756 243 41.74 790415 27.34
129 791977 184 31.36 791636 27.34
130 804810 184 31.36 804468 27.34
131 808250 199 33.86 807907 27.34
132 813058 184 31.36 812715 27.34
133 822640 216 36.85 822296 27.34
134 827720 184 31.36 827376 27.34
135 829824 211 35.96 829480 27.34
136 837957 179 30.55 837611 27.34
137 845687 184 31.36 845341 27.34
138 856401 184 31.36 856055 27.34
139 866335 184 31.36 865988 27.34
140 871539 207 35.26 871191 27.34
141 872394 184 31.36 872046 27.34
142 873936 184 31.36 873587 27.34
143 889283 184 31.36 888933 27.34
144 889994 184 31.36 889643 27.34
145 907321 184 31.36 906969 27.45
146 910277 184 31.36 909925 27.45
147 916603 184 31.36 916250 27.45
148 934349 184 31.36 933996 27.45
149 936449 184 31.36 936095 27.45
150 937543 185 31.51 937189 27.45
151 938035 184 31.36 937681 27.45
152 938365 184 31.36 938010 27.56
153 943393 184 31.36 943037 27.45
154 957142 220 37.58 956786 27.67
155 970659 376 76.43 970302 27.67
156 976750 195 33.17 976392 27.67
157 984482 184 31.36 984123 27.67
158 993074 240 41.21 992715 27.67
159 993183 179 30.55 992823 27.67
160 998962 184 31.36 998601 27.67
161 1025853 184 31.36 1025491 27.67
162 1027307 188 32.01 1026944 27.67
163 1033900 304 53.73 1033537 27.67
164 1040888 280 48.67 1040524 27.67
165 1066506 192 32.67 1066142 27.67
166 1066927 188 32.01 1066563 27.67
167 1072490 207 35.26 1072125 27.67
168 1080806 184 31.36 1080441 27.67
169 1081981 184 31.36 1081616 27.67
170 1094701 206 35.07 1094335 27.67
171 1103526 352 66.89 1103159 27.67
172 1106381 184 31.36 1106014 27.67
173 1108533 188 32.01 1108166 27.67
174 1111348 184 31.36 1110980 27.88
175 1111412 188 32.01 1111043 27.88
176 1112906 185 31.51 1112537 27.88
177 1115218 179 30.55 1114849 27.88
178 1118535 184 31.36 1118166 27.88
179 1140692 184 31.36 1140322 27.88
180 1148542 184 31.36 1148172 28.10
181 1152935 184 31.36 1152563 27.88
182 1154729 184 31.36 1154357 27.88
183 1156561 184 31.36 1156188 27.88
184 1178746 184 31.36 1178373 28.10
185 1185613 184 31.36 1185239 28.31
186 1189181 184 31.36 1188806 28.31
187 1190899 184 31.36 1190524 28.31
188 1196785 188 32.01 1196410 28.31
189 1213222 184 31.36 1212846 28.31
190 1236244 184 31.36 1235867 28.31
191 1236306 184 31.36 1235929 28.31
192 1245215 184 31.36 1244837 28.31
193 1247379 188 32.01 1247000 28.31
194 1247660 184 31.36 1247281 28.31
195 1271996 184 31.36 1271616 28.31
196 1277003 184 31.36 1276622 28.31
197 1290009 184 31.36 1289628 28.31
198 1302850 344 64.67 1302468 28.31
199 1304882 184 31.36 1304500 28.31
200 1315739 415 95.00 1315356 28.31
201 1316038 184 31.36 1315655 28.31
202 1320132 359 69.86 1319748 28.31
203 1332755 177 30.25 1332370 28.31
204 1340744 184 31.36 1340359 28.31
205 1352137 184 31.36 1351752 28.31
206 1361678 184 31.36 1361291 28.31
207 1366464 188 32.01 1366077 28.31
208 1367887 184 31.36 1367499 28.31
209 1371351 184 31.36 1370963 28.31
210 1383324 184 31.36 1382935 28.31
211 1386061 184 31.36 1385672 28.31
212 1388483 284 49.41 1388093 28.31
213 1389665 184 31.36 1389275 28.31
214 1397379 188 32.01 1396988 28.31
215 1404465 184 31.36 1404073 28.31
216 1412288 184 31.36 1411895 28.31
217 1415046 188 32.01 1414653 28.31
218 1426736 184 31.36 1426342 28.31
219 1426968 179 30.55 1426573 28.31
220 1435381 184 31.36 1434986 28.31
221 1436748 184 31.36 1436352 28.31
222 1445783 192 32.67 1445386 28.31
223 1446120 184 31.36 1445723 28.31
224 1467543 184 31.36 1467145 28.31
225 1467645 184 31.36 1467247 28.31
226 1484621 184 31.36 1484222 28.31
227 1488675 184 31.36 1488276 28.31
228 1494724 198 33.69 1494324 28.31
229 1498184 184 31.36 1497783 28.31
230 1501705 184 31.36 1501304 28.85
231 1515778 184 31.36 1515377 28.31
232 1519977 184 31.36 1519574 28.31
233 1526798 179 30.55 1526394 28.31
234 1536248 216 36.85 1535844 28.85
235 1537041 184 31.36 1536636 29.38
236 1555334 216 36.85 1554929 29.38
237 1556914 184 31.36 1556508 28.85
238 1561815 184 31.36 1561409 28.85
239 1562256 184 31.36 1561848 28.85
240 1564380 195 33.17 1563972 28.85
241 1570244 185 31.51 1569835 28.85
242 1570621 184 31.36 1570211 28.85
243 1575629 211 35.96 1575218 29.38
244 1586325 184 31.36 1585913 28.85
245 1587455 184 31.36 1587043 29.92
246 1589596 185 31.51 1589183 28.85
247 1592719 231 39.55 1592305 29.92
248 1596038 184 31.36 1595624 29.92
249 1596219 179 30.55 1595804 29.38
250 1601676 185 31.51 1601261 29.38
251 1622983 177 30.25 1622567 29.38
252 1631682 240 41.21 1631266 29.92
253 1636612 220 37.58 1636196 29.92
254 1641823 192 32.67 1641406 29.92
255 1642517 184 31.36 1642100 29.92
256 1650193 184 31.36 1649775 29.92
257 1655947 184 31.36 1655530 29.92
258 1657166 184 31.36 1656748 29.92
259 1658648 184 31.36 1658230 29.92
260 1659305 480 130.21 1658886 29.92
261 1670911 184 31.36 1670492 29.92
262 1696346 184 31.36 1695926 29.92
263 1697104 222 37.96 1696684 29.92
264 1703232 184 31.36 1702811 29.92
265 1707014 184 31.36 1706593 29.92
266 1713689 364 71.71 1713267 29.92
267 1720087 184 31.36 1719664 29.92
268 1731664 184 31.36 1731241 29.92
269 1737273 188 32.01 1736849 29.92
270 1739370 184 31.36 1738946 29.92
271 1746054 188 32.01 1745630 29.92
272 1746405 188 32.01 1745980 29.92
273 1749782 184 31.36 1749356 29.92
274 1764584 192 32.67 1764157 29.92
275 1766252 184 31.36 1765826 29.92
276 1766356 184 31.36 1765929 29.92
277 1768398 177 30.25 1767970 29.92
278 1775445 188 32.01 1775017 29.92
279 1775769 184 31.36 1775340 29.92
280 1778818 185 31.51 1778389 29.92
281 1783371 275 47.73 1782941 29.92
282 1788355 184 31.36 1787924 29.92
283 1792508 188 32.01 1792077 29.92
284 1795556 184 31.36 1795124 29.92
285 1807044 184 31.36 1806611 29.92
286 1811744 179 30.55 1811310 29.92
287 1811978 195 33.17 1811545 29.92
288 1817290 184 31.36 1816856 29.92
289 1821921 184 31.36 1821487 29.92
290 1822414 184 31.36 1821978 29.92
291 1823565 231 39.55 1823129 29.92
292 1830185 291 50.97 1829749 29.92
293 1839290 199 33.86 1838853 29.92
294 1840345 184 31.36 1839908 29.92
295 1840947 184 31.36 1840510 29.92
296 1842916 184 31.36 1842478 29.92
297 1858591 192 32.67 1858152 29.92
298 1865749 184 31.36 1865310 29.92
299 1873106 184 31.36 1872666 29.92
300 1883563 184 31.36 1883123 29.92
301 1885155 184 31.36 1884713 29.92
302 1898344 184 31.36 1897902 29.92
303 1903798 184 31.36 1903356 29.92
304 1918016 184 31.36 1917573 29.92
305 1922067 184 31.36 1921623 29.92
306 1923783 190 32.33 1923339 29.92
307 1928536 188 32.01 1928091 29.92
308 1937990 184 31.36 1937545 29.92
309 1938898 184 31.36 1938452 29.92
310 1945631 582 193.83 1945184 29.92
311 1959654 192 32.67 1959206 29.92
312 1964247 188 32.01 1963799 29.92
313 1981218 184 31.36 1980769 29.92
314 2005122 243 41.74 2004673 29.92
315 2005852 177 30.25 2005402 29.92
316 2010228 204 34.73 2009778 29.92
317 2010916 184 31.36 2010465 29.92
318 2017334 192 32.67 2016883 29.92
319 2021494 185 31.51 2021042 29.92
320 2025310 192 32.67 2024858 29.92
321 2026079 184 31.36 2025627 29.92
322 2047608 184 31.36 2047155 29.92
323 2060735 184 31.36 2060282 29.92
324 2074857 184 31.36 2074403 29.92
325 2078131 184 31.36 2077678 29.92
326 2078342 252 43.42 2077889 29.92
327 2078714 184 31.36 2078260 29.92
328 2087814 319 57.64 2087360 29.92
329 2101402 188 32.01 2100947 29.92
330 2103228 184 31.36 2102772 29.92
331 2135249 188 32.01 2134793 29.92
332 2147580 225 38.48 2147124 29.92
333 2160073 188 32.01 2159616 29.92
334 2168975 188 32.01 2168517 29.92
335 2173492 184 31.36 2173035 29.92
336 2177275 222 37.96 2176818 29.92
337 2182539 185 31.51 2182081 29.92
338 2183910 224 38.29 2183451 29.92
339 2194880 188 32.01 2194421 29.92
340 2197249 185 31.51 2196789 29.92
341 2199423 184 31.36 2198962 29.92
342 2203798 188 32.01 2203337 29.92
343 2221536 188 32.01 2221075 29.92
344 2229826 184 31.36 2229364 29.92
345 2232948 185 31.51 2232486 29.92
346 2246150 207 35.26 2245688 29.92
347 2250057 192 32.67 2249595 29.92
348 2254283 188 32.01 2253820 29.92
349 2261975 188 32.01 2261511 29.92
350 2264104 243 41.74 2263640 29.92
351 2267600 184 31.36 2267135 29.92
352 2271551 352 66.89 2271085 29.92
353 2293617 184 31.36 2293151 29.92
354 2306782 511 149.39 2306315 29.92
355 2313434 184 31.36 2312967 29.92
356 2315939 184 31.36 2315471 29.92
357 2338322 184 31.36 2337853 29.92
358 2359395 184 31.36 2358926 29.92
359 2359892 193 32.84 2359423 29.92
360 2375611 188 32.01 2375141 29.92
361 2380850 184 31.36 2380380 29.92
362 2396049 184 31.36 2395577 29.92
363 2397135 184 31.36 2396663 29.92
364 2405390 188 32.01 2404918 29.92
365 2418157 184 31.36 2417684 29.92
366 2420571 184 31.36 2420098 29.92
367 2426331 188 32.01 2425857 29.92
368 2438357 192 32.67 2437883 29.92
369 2445943 184 31.36 2445468 29.92
370 2451958 184 31.36 2451483 29.92
371 2452848 184 31.36 2452372 29.92
372 2460072 184 31.36 2459596 29.92
373 2472339 188 32.01 2471862 29.92
374 2477050 184 31.36 2476573 29.92
375 2480022 188 32.01 2479545 29.92
376 2485319 248 42.69 2484841 29.92
377 2495471 177 30.25 2494992 29.92
378 2506876 204 34.73 2506397 29.92
379 2506959 287 50.23 2506480 29.92
380 2518045 188 32.01 2517565 29.92
381 2525122 188 32.01 2524642 29.92
382 2525798 184 31.36 2525317 29.92
383 2537675 188 32.01 2537194 29.92
384 2542497 255 43.96 2542015 29.92
385 2543046 188 32.01 2542563 29.92
386 2543154 179 30.55 2542672 29.92
387 2547579 188 32.01 2547096 29.92
388 2554109 184 31.36 2553625 29.92
389 2568851 192 32.67 2568367 29.92
390 2589777 192 32.67 2589293 29.92
391 2598259 188 32.01 2597774 29.92
392 2611129 188 32.01 2610643 29.92
393 2620748 188 32.01 2620263 29.92
394 2624232 220 37.58 2623746 29.92
395 2630818 179 30.55 2630331 29.92
396 2635909 184 31.36 2635422 29.92
397 2645775 192 32.67 2645287 29.92
398 2648270 184 31.36 2647782 29.92
399 2648824 184 31.36 2648336 29.92
400 2655832 195 33.17 2655344 29.92
401 2657242 184 31.36 2656753 29.92
402 2660520 184 31.36 2660030 29.92
403 2676596 188 32.01 2676105 29.92
404 2678920 184 31.36 2678429 29.92
405 2705546 184 31.36 2705054 29.92
406 2714629 206 35.07 2714137 29.92
407 2729050 192 32.67 2728558 29.92
408 2752508 199 33.86 2752015 29.92
409 2760808 184 31.36 2760314 29.92
410 2764663 184 31.36 2764169 29.92
411 2766548 188 32.01 2766054 29.92
412 2771733 188 32.01 2771238 29.92
413 2773978 184 31.36 2773483 29.92
414 2781983 199 33.86 2781487 29.92
415 2782990 184 31.36 2782494 29.92
416 2786565 184 31.36 2786069 29.92
417 2797316 188 32.01 2796819 29.92
418 2798584 192 32.67 2798087 29.92
419 2820288 184 31.36 2819790 29.92
420 2827496 184 31.36 2826997 29.92
421 2832116 188 32.01 2831617 29.92
422 2840706 184 31.36 2840207 29.92
423 2841365 184 31.36 2840865 29.92
424 2843426 184 31.36 2842926 29.92
425 2848331 192 32.67 2847831 29.92
426 2850367 184 31.36 2849866 29.92
427 2850844 184 31.36 2850343 29.92
428 2855251 184 31.36 2854750 29.92
429 2856240 184 31.36 2855740 29.92
430 2858799 184 31.36 2858298 29.92
431 2873139 188 32.01 2872637 29.92
432 2885187 185 31.51 2884684 29.92
433 2898407 248 42.69 2897903 29.92
434 2902075 199 33.86 2901571 29.92
435 2904567 199 33.86 2904063 29.92
436 2905129 184 31.36 2904625 29.92
437 2905711 184 31.36 2905206 29.92
438 2916898 188 32.01 2916392 29.92
439 2919818 184 31.36 2919313 29.92
440 2941037 184 31.36 2940531 29.92
441 2945829 188 32.01 2945323 29.92
442 2948860 184 31.36 2948353 30.03
443 2956319 188 32.01 2955812 30.03
444 2961178 287 50.23 2960670 29.92
445 2967858 207 35.26 2967350 29.92
446 2977386 188 32.01 2976877 29.92
447 2985007 192 32.67 2984498 29.92
448 2996644 188 32.01 2996134 30.03
449 3001833 188 32.01 3001322 30.14
450 3005450 184 31.36 3004940 30.03
451 3008300 188 32.01 3007789 30.03
452 3018393 224 38.29 3017881 29.92
453 3020102 184 31.36 3019590 30.03
454 3031615 188 32.01 3031102 30.03
455 3032833 184 31.36 3032320 30.03
456 3042916 188 32.01 3042403 29.92
457 3043582 224 38.29 3043069 30.03
458 3076811 184 31.36 3076297 30.35
459 3080020 184 31.36 3079506 30.35
460 3082844 184 31.36 3082330 30.35
461 3085995 188 32.01 3085480 30.03
462 3104338 184 31.36 3103823 30.35
463 3105827 184 31.36 3105311 29.92
464 3109209 184 31.36 3108692 30.35
465 3112464 184 31.36 3111946 30.57
466 3122039 188 32.01 3121521 30.46
467 3122465 184 31.36 3121947 30.03
468 3129981 188 32.01 3129463 30.46
469 3141233 188 32.01 3140713 30.57
470 3146478 188 32.01 3145958 30.46
471 3151051 195 33.17 3150531 30.46
472 3162312 262 45.24 3161792 30.46
473 3163259 184 31.36 3162739 30.57
474 3163375 179 30.55 3162854 30.57
475 3177642 192 32.67 3177122 30.57
476 3186329 188 32.01 3185807 30.89
477 3186855 184 31.36 3186333 29.92
478 3200012 188 32.01 3199489 31.21
479 3202953 184 31.36 3202430 30.89
480 3209348 204 34.73 3208825 30.89
481 3216579 185 31.51 3216054 30.89
482 3223452 184 31.36 3222927 31.21
483 3225863 184 31.36 3225337 31.21
484 3249039 211 35.96 3248512 30.89
485 3253444 184 31.36 3252917 31.21
486 3261002 185 31.51 3260474 31.21
487 3267070 188 32.01 3266542 31.21
488 3269623 184 31.36 3269094 31.21
489 3274618 195 33.17 3274089 30.89
490 3275787 240 41.21 3275258 30.89
491 3285002 188 32.01 3284473 31.21
492 3298226 188 32.01 3297696 31.21
493 3325511 184 31.36 3324980 31.21
494 3334673 236 40.44 3334141 31.21
495 3334843 184 31.36 3334311 31.21
496 3336055 192 32.67 3335522 31.21
497 3349821 188 32.01 3349287 30.89
498 3355646 195 33.17 3355112 31.21
499 3367022 184 31.36 3366487 31.21
500 3376621 188 32.01 3376086 31.21
501 3379769 184 31.36 3379234 30.57
502 3399572 184 31.36 3399037 31.21
503 3410734 188 32.01 3410199 31.21
504 3412575 179 30.55 3412039 31.21
505 3414500 204 34.73 3413964 31.21
506 3423870 199 33.86 3423334 31.21
507 3436035 188 32.01 3435499 31.21
508 3437873 225 38.48 3437336 31.21
509 3464816 184 31.36 3464278 31.21
510 3497704 199 33.86 3497166 31.21
511 3499094 184 31.36 3498555 31.21
512 3503761 188 32.01 3503221 31.21
513 3508405 216 36.85 3507865 31.21
514 3509972 184 31.36 3509432 31.21
515 3522970 188 32.01 3522429 31.21
516 3532163 188 32.01 3531622 31.21
517 3542675 198 33.69 3542132 31.21
518 3548709 192 32.67 3548167 31.21
519 3550210 184 31.36 3549667 31.21
520 3552667 185 31.51 3552123 31.21
521 3557082 188 32.01 3556538 31.21
522 3572539 188 32.01 3571993 31.21
523 3576044 184 31.36 3575498 31.21
524 3584888 188 32.01 3584342 31.21
525 3591950 184 31.36 3591403 31.21
526 3599087 188 32.01 3598539 31.21
527 3601773 184 31.36 3601224 31.21
528 3610950 188 32.01 3610400 31.21
529 3611485 211 35.96 3610936 31.21
530 3616227 184 31.36 3615676 31.21
531 3625665 188 32.01 3625114 31.21
532 3632089 185 31.51 3631539 31.21
533 3636490 188 32.01 3635939 31.21
534 3656197 184 31.36 3655646 31.21
535 3668631 184 31.36 3668079 31.21
536 3678480 412 92.93 3677927 31.21
537 3687018 211 35.96 3686465 31.21
538 3690443 184 31.36 3689890 31.21
539 3694497 184 31.36 3693943 31.21
540 3702645 179 30.55 3702090 31.21
541 3703950 184 31.36 3703394 31.21
542 3706229 177 30.25 3705673 31.21
543 3715193 188 32.01 3714637 31.21
544 3720814 184 31.36 3720257 31.21
545 3745234 177 30.25 3744677 31.21
546 3745819 224 38.29 3745261 31.21
547 3754629 195 33.17 3754071 31.21
548 3763562 206 35.07 3763003 31.21
549 3779356 184 31.36 3778797 31.21
550 3795530 184 31.36 3794971 31.21
551 3805840 188 32.01 3805280 31.21
552 3820352 192 32.67 3819792 31.21
553 3823805 207 35.26 3823244 31.21
554 3847438 184 31.36 3846877 31.21
555 3851763 184 31.36 3851202 31.21
556 3856587 263 45.37 3856025 31.21
557 3858882 198 33.69 3858319 31.21
558 3863888 179 30.55 3863325 31.21
559 3868337 188 32.01 3867774 31.21
560 3874809 185 31.51 3874245 31.21
561 3915125 184 31.36 3914561 31.21
562 3920373 184 31.36 3919808 31.21
563 3926362 188 32.01 3925797 31.21
564 3928561 184 31.36 3927994 31.21
565 3968156 184 31.36 3967589 31.21
566 3980854 188 32.01 3980287 31.21
567 3997373 198 33.69 3996804 31.21
568 3999565 188 32.01 3998996 31.21
569 4001768 184 31.36 4001198 31.21
570 4005269 188 32.01 4004698 31.21
571 4005945 184 31.36 4005374 31.21
572 4011075 184 31.36 4010504 31.21
573 4011673 184 31.36 4011101 31.21
574 4015595 184 31.36 4015022 31.21
575 4023276 188 32.01 4022703 31.21
576 4031494 188 32.01 4030921 31.21
577 4032192 184 31.36 4031617 31.21
578 4041457 188 32.01 4040882 31.21
579 4043225 177 30.25 4042650 31.21
580 4044369 184 31.36 4043793 31.21
581 4051695 184 31.36 4051118 31.21
582 4060435 188 32.01 4059857 31.21
583 4071381 188 32.01 4070804 31.21
584 4083903 188 32.01 4083325 31.21
585 4087246 188 32.01 4086668 31.21
586 4115368 184 31.36 4114789 31.21
587 4124899 188 32.01 4124320 31.21
588 4155567 184 31.36 4154989 31.21
589 4169524 188 32.01 4168945 31.21
590 4177507 184 31.36 4176927 31.21
591 4180316 184 31.36 4179737 31.21
592 4181477 241 41.39 4180897 31.21
593 4196370 188 32.01 4195790 31.21
594 4205876 188 32.01 4205296 31.21
595 4209036 184 31.36 4208456 31.21
596 4214407 188 32.01 4213827 31.21
597 4239409 188 32.01 4238829 31.21
598 4243809 188 32.01 4243229 31.21
599 4245336 184 31.36 4244755 31.21
600 4257273 188 32.01 4256691 31.21
601 4264518 188 32.01 4263935 31.21
602 4274390 188 32.01 4273807 31.21
603 4280036 184 31.36 4279452 31.21
604 4287673 184 31.36 4287088 31.21
605 4290819 179 30.55 4290234 31.21
606 4291403 184 31.36 4290817 31.21
607 4293628 179 30.55 4293042 31.21
608 4295535 184 31.36 4294948 31.21
609 4305264 188 32.01 4304677 31.21
610 4311497 188 32.01 4310909 31.21
611 4327070 185 31.51 4326482 31.21
612 4328606 216 36.85 4328018 31.21
613 4334729 188 32.01 4334141 31.21
614 4339032 188 32.01 4338443 31.21
615 4345975 240 41.21 4345385 31.21
616 4352976 184 31.36 4352386 31.21
617 4362053 184 31.36 4361463 31.21
618 4362492 184 31.36 4361902 31.21
619 4367258 185 31.51 4366668 31.21
620 4392999 188 32.01 4392409 31.21
621 4415578 188 32.01 4414987 31.21
622 4422095 188 32.01 4421504 31.21
623 4439579 207 35.26 4438987 31.21
624 4448279 185 31.51 4447687 31.21
625 4454631 188 32.01 4454039 31.21
626 4459657 188 32.01 4459066 31.21
627 4461078 184 31.36 4460486 31.21
628 4477048 188 32.01 4476456 31.21
629 4484898 207 35.26 4484305 31.21
630 4492793 184 31.36 4492200 31.21
631 4498000 184 31.36 4497407 31.21
632 4502937 188 32.01 4502342 31.21
633 4509587 184 31.36 4508992 31.21
634 4510972 184 31.36 4510377 31.21
635 4518868 188 32.01 4518272 31.43
636 4534176 184 31.36 4533580 31.21
637 4551090 188 32.01 4550494 31.43
638 4552131 368 72.93 4551533 31.43
639 4552422 184 31.36 4551824 31.43
640 4560007 188 32.01 4559409 31.64
641 4576299 188 32.01 4575701 31.43
642 4576732 184 31.36 4576134 31.43
643 4577413 179 30.55 4576814 31.43
644 4581601 184 31.36 4581002 31.43
645 4601948 188 32.01 4601348 31.43
646 4616993 188 32.01 4616392 31.43
647 4619120 184 31.36 4618519 31.21
648 4638737 188 32.01 4638135 31.43
649 4661046 188 32.01 4660444 31.43
650 4669755 192 32.67 4669152 31.43
651 4682561 188 32.01 4681958 31.64
652 4707023 206 35.07 4706420 31.43
653 4709729 184 31.36 4709126 31.64
654 4716923 184 31.36 4716319 31.86
655 4727416 188 32.01 4726811 31.64
656 4740015 188 32.01 4739410 31.43
657 4763166 188 32.01 4762561 31.64
658 4765661 199 33.86 4765057 31.86
659 4777450 188 32.01 4776845 31.86
660 4778356 184 31.36 4777751 31.86
661 4781824 184 31.36 4781219 31.86
662 4782610 184 31.36 4782003 31.86
663 4785387 280 48.67 4784780 31.64
664 4807396 188 32.01 4806788 31.86
665 4811052 192 32.67 4810445 31.86
666 4821228 192 32.67 4820620 31.86
667 4832643 188 32.01 4832035 31.86
668 4861940 259 44.69 4861331 31.86
669 4869181 188 32.01 4868572 31.86
670 4871972 184 31.36 4871363 31.86
671 4875484 287 50.23 4874875 31.86
672 4884853 231 39.55 4884243 31.86
673 4895364 185 31.51 4894754 31.86
674 4899585 222 37.96 4898974 31.86
675 4905681 192 32.67 4905070 31.86
676 4909442 184 31.36 4908830 31.86
677 4929850 188 32.01 4929237 31.86
678 4938960 184 31.36 4938347 31.86
679 4942056 184 31.36 4941442 31.86
680 4953710 188 32.01 4953096 31.86
681 4954666 177 30.25 4954052 31.86
682 4955928 184 31.36 4955314 31.86
683 4960867 188 32.01 4960252 31.86
684 4971340 184 31.36 4970724 31.86
685 4972481 193 32.84 4971865 31.86
686 4976946 188 32.01 4976330 31.86
687 4995862 188 32.01 4995245 31.86
688 4999007 184 31.36 4998391 31.86
689 5001006 184 31.36 5000389 31.86
690 5001750 184 31.36 5001132 31.86
691 5007988 199 33.86 5007369 31.86
692 5017349 188 32.01 5016731 31.86
693 5031072 188 32.01 5030453 31.86
694 5044007 188 32.01 5043388 31.86
695 5059959 184 31.36 5059340 31.86
696 5065885 204 34.73 5065265 31.86
697 5081790 207 35.26 5081170 31.86
698 5094820 195 33.17 5094199 31.86
699 5096729 199 33.86 5096107 31.86
700 5101358 184 31.36 5100736 31.86
701 5130515 192 32.67 5129892 31.86
702 5136117 195 33.17 5135494 31.86
703 5158058 188 32.01 5157435 31.86
704 5169803 188 32.01 5169180 31.86
705 5175190 199 33.86 5174565 31.86
706 5183916 188 32.01 5183291 31.86
707 5208177 188 32.01 5207551 31.86
708 5210732 184 31.36 5210105 31.86
709 5244713 179 30.55 5244086 31.86
710 5245429 184 31.36 5244802 31.86
711 5258109 188 32.01 5257482 31.86
712 5265868 179 30.55 5265240 31.86
713 5270428 188 32.01 5269799 31.86
714 5276412 211 35.96 5275783 31.86
715 5279459 184 31.36 5278829 31.86
716 5311652 192 32.67 5311023 31.86
717 5315423 184 31.36 5314794 31.86
718 5319486 207 35.26 5318856 31.86
719 5323926 188 32.01 5323295 31.86
720 5324265 184 31.36 5323634 31.86
721 5334945 188 32.01 5334314 31.86
722 5339708 184 31.36 5339076 31.86
723 5342669 184 31.36 5342037 31.86
724 5344042 184 31.36 5343410 31.86
725 5357213 188 32.01 5356580 31.86
726 5358038 199 33.86 5357406 31.86
727 5361949 188 32.01 5361316 31.86
728 5380489 504 143.61 5379857 31.86
729 5380665 195 33.17 5380031 31.86
730 5392065 188 32.01 5391431 31.86
731 5397923 184 31.36 5397289 31.86
732 5409522 188 32.01 5408888 31.86
733 5414985 184 31.36 5414350 31.86
734 5419230 188 32.01 5418595 31.86
735 5431139 188 32.01 5430503 31.86
736 5442312 188 32.01 5441677 31.86
737 5452980 224 38.29 5452344 31.86
738 5470487 192 32.67 5469850 31.86
739 5473562 188 32.01 5472925 31.86
740 5510014 238 40.82 5509376 31.96
741 5521093 188 32.01 5520455 31.86
742 5525961 188 32.01 5525323 31.96
743 5538133 188 32.01 5537495 31.96
744 5540107 184 31.36 5539469 31.86
745 5546070 184 31.36 5545431 31.86
746 5551018 188 32.01 5550379 31.86
747 5553186 195 33.17 5552546 31.86
748 5554107 184 31.36 5553467 31.86
749 5571903 231 39.55 5571263 31.96
750 5579204 184 31.36 5578563 31.96
751 5585416 188 32.01 5584775 31.86
752 5602083 188 32.01 5601442 31.96
753 5627024 192 32.67 5626382 31.96
754 5629464 184 31.36 5628822 31.96
755 5644912 188 32.01 5644269 31.96
756 5646152 184 31.36 5645508 31.86
757 5675087 188 32.01 5674443 31.96
758 5680632 185 31.51 5679987 32.07
759 5681752 184 31.36 5681108 32.18
760 5683819 188 32.01 5683174 31.96
761 5691716 185 31.51 5691071 31.86
762 5707899 188 32.01 5707254 31.96
763 5718196 240 41.21 5717550 32.07
764 5719575 188 32.01 5718929 31.96
765 5738196 188 32.01 5737550 31.96
766 5739168 184 31.36 5738521 32.07
767 5747158 184 31.36 5746511 31.96
768 5749254 184 31.36 5748607 31.96
769 5752059 184 31.36 5751412 31.96
770 5756582 193 32.84 5755934 32.07
771 5775981 188 32.01 5775333 31.96
772 5786191 188 32.01 5785543 32.07
773 5797810 188 32.01 5797163 32.07
774 5800447 184 31.36 5799799 31.96
775 5818344 204 34.73 5817696 32.18
776 5839754 188 32.01 5839106 32.18
777 5852746 184 31.36 5852097 32.07
778 5854922 184 31.36 5854273 32.07
779 5862764 184 31.36 5862115 32.07
780 5871604 188 32.01 5870954 32.18
781 5878250 209 35.61 5877599 32.18
782 5884455 185 31.51 5883805 32.07
783 5896252 188 32.01 5895601 32.07
784 5899919 184 31.36 5899267 32.18
785 5904050 184 31.36 5903399 31.96
786 5923996 188 32.01 5923344 32.18
787 5951876 188 32.01 5951224 32.18
788 5955713 216 36.85 5955061 32.07
789 5956497 192 32.67 5955844 32.18
790 5981780 188 32.01 5981128 32.18
791 5991606 224 38.29 5990954 32.18
792 6000359 188 32.01 5999706 32.18
793 6024156 188 32.01 6023503 32.18
794 6027886 184 31.36 6027232 32.18
795 6056363 188 32.01 6055709 32.18
796 6066403 188 32.01 6065748 32.18
797 6083902 220 37.58 6083247 32.18
798 6095905 387 81.05 6095249 32.18
799 6118077 238 40.82 6117420 32.18
800 6121092 184 31.36 6120435 32.18
801 6128528 188 32.01 6127870 32.18
802 6132908 184 31.36 6132251 32.18
803 6133170 184 31.36 6132513 32.18
804 6133439 184 31.36 6132780 32.18
805 6134139 184 31.36 6133480 32.18
806 6134338 176 30.09 6133678 32.18
807 6148192 188 32.01 6147533 32.18
808 6171532 184 31.36 6170872 32.18
809 6172744 184 31.36 6172083 32.07
810 6186147 188 32.01 6185486 32.18
811 6190676 179 30.55 6190014 32.18
812 6207973 188 32.01 6207311 32.18
813 6210058 339 62.98 6209396 32.18
814 6233820 190 32.33 6233157 32.18
815 6281651 184 31.36 6280988 32.18
816 6287288 188 32.01 6286624 32.18
817 6287416 184 31.36 6286752 32.18
818 6291092 184 31.36 6290427 32.18
819 6295639 188 32.01 6294974 32.18
820 6295775 176 30.09 6295109 32.18
821 6321308 188 32.01 6320642 32.18
822 6349187 188 32.01 6348521 32.18
823 6351517 185 31.51 6350850 32.18
824 6354270 184 31.36 6353603 32.18
825 6365483 188 32.01 6364815 32.18
826 6388580 188 32.01 6387912 32.18
827 6393302 332 61.17 6392634 32.18
828 6397192 195 33.17 6396523 32.18
829 6414677 195 33.17 6414008 32.18
830 6428441 188 32.01 6427771 32.18
831 6434156 184 31.36 6433485 32.18
832 6454924 188 32.01 6454254 32.18
833 6466993 188 32.01 6466323 32.18
834 6467536 184 31.36 6466865 32.18
835 6468846 184 31.36 6468174 32.18
836 6473562 216 36.85 6472890 32.18
837 6509281 184 31.36 6508608 32.18
838 6511150 207 35.26 6510477 32.18
839 6512782 184 31.36 6512108 32.18
840 6519094 206 35.07 6518420 32.18
841 6549483 259 44.69 6548808 32.18
842 6551517 185 31.51 6550842 32.18
843 6556577 184 31.36 6555901 32.18
844 6561836 185 31.51 6561160 32.18
845 6567140 440 109.25 6566463 32.18
846 6569039 184 31.36 6568363 32.18
847 6569475 184 31.36 6568799 32.18
848 6570491 184 31.36 6569814 32.18
849 6576969 184 31.36 6576292 32.18
850 6583249 206 35.07 6582572 32.18
851 6589249 188 32.01 6588571 32.18
852 6601416 188 32.01 6600738 32.18
853 6618784 188 32.01 6618106 32.18
854 6637328 198 33.69 6636649 32.18
855 6641875 185 31.51 6641197 32.18
856 6661575 188 32.01 6660897 32.18
857 6672312 199 33.86 6671633 32.18
858 6673816 190 32.33 6673136 32.18
859 6678217 188 32.01 6677537 32.18
860 6699573 188 32.01 6698893 32.18
861 6702974 188 32.01 6702293 32.18
862 6706880 184 31.36 6706199 32.18
863 6712722 188 32.01 6712041 32.18
864 6713417 184 31.36 6712736 32.18
865 6719856 280 48.67 6719175 32.18
866 6731375 185 31.51 6730693 32.18
867 6737245 184 31.36 6736563 32.18
868 6746047 195 33.17 6745365 32.18
869 6758009 188 32.01 6757326 32.18
870 6759799 177 30.25 6759115 32.18
871 6766041 188 32.01 6765357 32.18
872 6796589 185 31.51 6795904 32.18
873 6811188 199 33.86 6810503 32.18
874 6823196 184 31.36 6822510 32.18
875 6835824 184 31.36 6835138 32.18
876 6837524 236 40.44 6836837 32.18
877 6843471 184 31.36 6842785 32.18
878 6845695 184 31.36 6845008 32.18
879 6862464 184 31.36 6861776 32.18
880 6891419 188 32.01 6890731 32.18
881 6895389 188 32.01 6894700 32.18
882 6896784 184 31.36 6896094 32.18
883 6903228 188 32.01 6902538 32.18
884 6907747 188 32.01 6907056 32.18
885 6908355 184 31.36 6907664 32.18
886 6910099 184 31.36 6909407 32.18
887 6929346 184 31.36 6928654 32.18
888 6929461 184 31.36 6928770 32.18
889 6934236 188 32.01 6933544 32.18
890 6936642 184 31.36 6935949 32.18
891 6939093 188 32.01 6938400 32.18
892 6953532 188 32.01 6952838 32.18
893 6958293 188 32.01 6957600 32.18
894 6962314 188 32.01 6961621 32.18
895 6985221 188 32.01 6984527 32.18
896 7000619 188 32.01 6999925 32.18
897 7011602 188 32.01 7010906 32.18
898 7015350 192 32.67 7014655 32.18
899 7018517 184 31.36 7017821 32.18
900 7023816 188 32.01 7023120 32.18
901 7031157 179 30.55 7030460 32.18
902 7034148 184 31.36 7033451 32.18
903 7055492 188 32.01 7054795 32.18
904 7058718 188 32.01 7058021 32.18
905 7064940 188 32.01 7064242 32.18
906 7068711 192 32.67 7068013 32.18
907 7090368 211 35.96 7089669 32.18
908 7112763 188 32.01 7112063 32.18
909 7123666 188 32.01 7122966 32.18
910 7139419 188 32.01 7138719 32.18
911 7139517 184 31.36 7138816 32.18
912 7146922 184 31.36 7146221 32.18
913 7157290 192 32.67 7156588 32.18
914 7187817 255 43.96 7187114 32.18
915 7206876 188 32.01 7206173 32.18
916 7247259 206 35.07 7246556 32.18
917 7257171 184 31.36 7256468 32.18
918 7274892 188 32.01 7274189 32.18
919 7275584 184 31.36 7274880 32.18
920 7276219 199 33.86 7275514 32.18
921 7276990 184 31.36 7276285 32.18
922 7280090 184 31.36 7279385 32.18
923 7300231 184 31.36 7299526 32.18
924 7303228 184 31.36 7302522 32.18
925 7322200 188 32.01 7321495 32.18
926 7324768 199 33.86 7324063 32.18
927 7337552 192 32.67 7336846 32.18
928 7345724 220 37.58 7345017 32.18
929 7346158 199 33.86 7345451 32.18
930 7352563 188 32.01 7351856 32.18
931 7381664 192 32.67 7380956 32.18
932 7395120 188 32.01 7394412 32.18
933 7401137 195 33.17 7400429 32.18
934 7402914 184 31.36 7402205 32.18
935 7404523 188 32.01 7403814 32.18
936 7408321 179 30.55 7407611 32.18
937 7425946 291 50.97 7425236 32.18
938 7432089 188 32.01 7431378 32.18
939 7444903 192 32.67 7444192 32.18
940 7453048 190 32.33 7452337 32.18
941 7456200 184 31.36 7455488 32.18
942 7465016 188 32.01 7464304 32.18
943 7486047 188 32.01 7485335 32.18
944 7488041 184 31.36 7487328 32.18
945 7490924 184 31.36 7490210 32.18
946 7497944 188 32.01 7497230 32.18
947 7505383 188 32.01 7504669 32.18
948 7509969 184 31.36 7509255 32.18
949 7511572 184 31.36 7510857 32.18
950 7529302 255 43.96 7528588 32.18
951 7550478 188 32.01 7549763 32.18
952 7551811 184 31.36 7551096 32.18
953 7552081 184 31.36 7551366 32.18
954 7562797 179 30.55 7562082 32.18
955 7575770 188 32.01 7575055 32.18
956 7576487 179 30.55 7575771 32.18
957 7587017 188 32.01 7586301 32.18
958 7593593 188 32.01 7592877 32.18
959 7597164 192 32.67 7596447 32.18
960 7605408 188 32.01 7604691 32.18
961 7647063 184 31.36 7646346 32.18
962 7658046 184 31.36 7657328 32.18
963 7662879 188 32.01 7662161 32.18
964 7673539 387 81.05 7672821 32.18
965 7674640 184 31.36 7673921 32.18
966 7675543 216 36.85 7674823 32.18
967 7676616 193 32.84 7675896 32.18
968 7710132 184 31.36 7709412 32.18
969 7716072 179 30.55 7715351 32.18
970 7718317 184 31.36 7717597 32.18
971 7720543 192 32.67 7719822 32.18
972 7722591 179 30.55 7721870 32.18
973 7732994 188 32.01 7732273 32.18
974 7760485 185 31.51 7759763 32.18
975 7773605 188 32.01 7772884 32.18
976 7794450 225 38.48 7793728 32.18
977 7796888 184 31.36 7796166 32.18
978 7800482 184 31.36 7799759 32.18
979 7860928 207 35.26 7860205 32.18
980 7866501 184 31.36 7865779 32.18
981 7880764 188 32.01 7880040 32.18
982 7886921 188 32.01 7886197 32.18
983 7894776 184 31.36 7894052 32.18
984 7899972 188 32.01 7899247 32.18
985 7900135 184 31.36 7899409 32.18
986 7925685 184 31.36 7924960 32.18
987 7946113 188 32.01 7945387 32.18
988 7947322 207 35.26 7946595 32.18
989 7973913 192 32.67 7973185 32.18
990 7993408 188 32.01 7992680 32.18
991 8004704 188 32.01 8003977 32.18
992 8004860 248 42.69 8004133 32.18
993 8039872 184 31.36 8039143 32.18
994 8040316 184 31.36 8039587 32.18
995 8052490 188 32.01 8051761 32.18
996 8057445 179 30.55 8056715 32.18
997 8070796 192 32.67 8070067 32.18
998 8091777 179 30.55 8091047 32.18
999 8097826 188 32.01 8097096 32.18
1000 8101213 188 32.01 8100483 32.18
1001 8156731 255 43.96 8156000 32.18
1002 8171141 188 32.01 8170410 32.18
1003 8180501 184 31.36 8179769 32.18
1004 8181608 184 31.36 8180876 32.18
1005 8183768 188 32.01 8183036 32.18
1006 8193091 188 32.01 8192358 32.18
1007 8219544 184 31.36 8218810 32.18
1008 8222045 179 30.55 8221311 32.18
1009 8224967 184 31.36 8224232 32.18
1010 8230851 184 31.36 8230116 32.18
1011 8238528 188 32.01 8237792 32.18
1012 8240454 184 31.36 8239718 32.18
1013 8251179 192 32.67 8250443 32.18
1014 8258460 184 31.36 8257724 32.18
1015 8273944 185 31.51 8273207 32.18
1016 8289752 188 32.01 8289015 32.18
1017 8317831 188 32.01 8317094 32.18
1018 8331845 188 32.01 8331107 32.18
1019 8332199 192 32.67 8331461 32.18
1020 8338605 188 32.01 8337866 32.18
1021 8344789 188 32.01 8344049 32.18
1022 8345306 193 32.84 8344566 32.18
1023 8347235 184 31.36 8346494 32.18
1024 8350755 193 32.84 8350014 32.18
1025 8367449 188 32.01 8366708 32.18
1026 8373496 188 32.01 8372753 32.18
1027 8373761 177 30.25 8373018 32.18
1028 8377733 184 31.36 8376991 32.18
1029 8378511 184 31.36 8377767 32.18
1030 8385728 188 32.01 8384984 32.18
1031 8387061 192 32.67 8386317 32.18
1032 8389063 184 31.36 8388318 32.18
1033 8389656 184 31.36 8388911 32.18
1034 8393223 184 31.36 8392478 32.18
1035 8397616 188 32.01 8396870 32.18
1036 8401734 184 31.36 8400988 32.18
1037 8405976 185 31.51 8405231 32.18
1038 8406989 177 30.25 8406243 32.18
1039 8407897 184 31.36 8407152 32.18
1040 8433269 192 32.67 8432523 32.18
1041 8433842 184 31.36 8433097 32.18
1042 8438482 184 31.36 8437736 32.18
1043 8440834 188 32.01 8440088 32.18
1044 8445066 188 32.01 8444320 32.18
1045 8458099 199 33.86 8457352 32.18
1046 8502468 188 32.01 8501721 32.18
1047 8504292 184 31.36 8503544 32.18
1048 8534028 231 39.55 8533282 32.18
1049 8537460 184 31.36 8536713 32.18
1050 8541309 184 31.36 8540563 32.18
1051 8571935 238 40.82 8571188 32.18
1052 8573259 184 31.36 8572513 32.18
1053 8573390 184 31.36 8572643 32.18
1054 8584489 185 31.51 8583743 32.18
1055 8598390 188 32.01 8597644 32.18
1056 8600470 184 31.36 8599723 32.18
1057 8608878 188 32.01 8608131 32.18
1058 8643510 188 32.01 8642764 32.18
1059 8650017 188 32.01 8649270 32.18
1060 8652020 188 32.01 8651272 32.18
1061 8667993 207 35.26 8667245 32.18
1062 8675555 199 33.86 8674806 32.18
1063 8679576 184 31.36 8678828 32.18
1064 8684124 207 35.26 8683376 32.18
1065 8688011 198 33.69 8687264 32.18
1066 8690410 188 32.01 8689662 32.18
1067 8698900 188 32.01 8698151 32.18
1068 8708343 188 32.01 8707595 32.18
1069 8718864 188 32.01 8718116 32.18
1070 8734865 188 32.01 8734117 32.18
1071 8744865 327 59.28 8744118 32.18
1072 8751518 188 32.01 8750770 32.18
1073 8760282 192 32.67 8759534 32.18
1074 8762136 184 31.36 8761388 32.18
1075 8763617 199 33.86 8762869 32.18
1076 8771703 184 31.36 8770955 32.18
1077 8772468 184 31.36 8771719 32.18
1078 8773584 184 31.36 8772835 32.18
1079 8782899 188 32.01 8782150 32.18
1080 8790337 188 32.01 8789587 32.18
1081 8791968 241 41.39 8791218 32.18
1082 8793155 184 31.36 8792404 32.18
1083 8812097 188 32.01 8811347 32.18
1084 8832543 184 31.36 8831793 32.18
1085 8861845 188 32.01 8861094 32.18
1086 8871525 188 32.01 8870773 32.18
1087 8881865 192 32.67 8881113 32.18
1088 8891112 204 34.73 8890360 32.18
1089 8898736 188 32.01 8897984 32.18
1090 8904076 185 31.51 8903325 32.18
1091 8908362 188 32.01 8907611 32.18
1092 8914327 188 32.01 8913576 32.18
1093 8927514 188 32.01 8926763 32.18
1094 8937392 192 32.67 8936641 32.18
1095 8944891 184 31.36 8944139 32.18
1096 8949935 184 31.36 8949184 32.18
1097 8952968 188 32.01 8952217 32.18
1098 8981250 188 32.01 8980499 32.18
1099 8998336 184 31.36 8997584 32.18
1100 9010785 188 32.01 9010034 32.18
1101 9019841 188 32.01 9019089 32.18
1102 9029528 192 32.67 9028777 32.18
1103 9045062 188 32.01 9044311 32.18
1104 9052552 188 32.01 9051801 32.18
1105 9056803 184 31.36 9056052 32.18
1106 9063433 211 35.96 9062682 32.18
1107 9077542 184 31.36 9076791 32.18
1108 9090458 188 32.01 9089707 32.18
1109 9094938 188 32.01 9094186 32.18
1110 9096584 184 31.36 9095833 32.18
1111 9105977 192 32.67 9105225 32.18
1112 9114673 188 32.01 9113922 32.18
1113 9121223 199 33.86 9120471 32.18
1114 9148307 188 32.01 9147555 32.18
1115 9151910 184 31.36 9151158 32.18
1116 9152988 184 31.36 9152236 32.18
1117 9177713 508 144.95 9176961 32.18
1118 9185402 188 32.01 9184650 32.18
1119 9191205 188 32.01 9190453 32.18
1120 9200065 188 32.01 9199313 32.18
1121 9205633 188 32.01 9204881 32.18
1122 9235792 188 32.01 9235040 32.18
1123 9238747 184 31.36 9237995 32.18
1124 9252336 184 31.36 9251583 32.18
1125 9252928 184 31.36 9252175 32.18
1126 9253064 188 32.01 9252312 32.18
1127 9265777 195 33.17 9265025 32.18
1128 9281424 188 32.01 9280672 32.18
1129 9286936 192 32.67 9286184 32.18
1130 9290374 207 35.26 9289622 32.18
1131 9298843 199 33.86 9298091 32.18
1132 9304462 188 32.01 9303710 32.18
1133 9307210 184 31.36 9306458 32.18
1134 9358545 188 32.01 9357793 32.18
1135 9361474 184 31.36 9360722 32.18
1136 9374304 188 32.01 9373553 32.18
1137 9389264 188 32.01 9388512 32.18
1138 9407581 188 32.01 9406829 32.18
1139 9412207 211 35.96 9411454 32.18
1140 9414781 188 32.01 9414028 32.18
1141 9420171 241 41.39 9419418 32.18
1142 9423780 184 31.36 9423026 32.18
1143 9438930 188 32.01 9438176 32.18
1144 9451530 188 32.01 9450776 32.18
1145 9455936 188 32.01 9455181 32.18
1146 9471379 188 32.01 9470624 32.18
1147 9474382 184 31.36 9473627 32.18
1148 9491458 188 32.01 9490703 32.18
1149 9500766 188 32.01 9500011 32.18
1150 9521936 192 32.67 9521180 32.18
1151 9540195 199 33.86 9539439 32.18
1152 9544304 231 39.55 9543549 32.18
1153 9548889 188 32.01 9548134 32.18
1154 9559564 184 31.36 9558808 32.18
1155 9562994 184 31.36 9562238 32.18
1156 9573721 188 32.01 9572965 32.18
1157 9587017 188 32.01 9586260 32.18
1158 9601982 192 32.67 9601225 32.18
1159 9623994 184 31.36 9623237 32.18
1160 9633538 188 32.01 9632781 32.18
1161 9654261 188 32.01 9653504 32.07
1162 9663265 188 32.01 9662507 31.96
1163 9676062 192 32.67 9675304 31.86
1164 9677147 179 30.55 9676388 31.86
1165 9681403 188 32.01 9680644 31.86
1166 9683545 184 31.36 9682787 31.64
1167 9684762 184 31.36 9684003 31.86
1168 9702529 199 33.86 9701770 31.21
1169 9706810 188 32.01 9706050 31.21
1170 9722417 184 31.36 9721658 31.21
1171 9729087 188 32.01 9728327 31.21
1172 9730157 188 32.01 9729397 31.21
1173 9734740 188 32.01 9733980 31.21
1174 9739715 188 32.01 9738954 31.21
1175 9739742 184 31.36 9738982 31.21
1176 9747885 184 31.36 9747125 31.21
1177 9750165 179 30.55 9749404 31.21
1178 9763486 188 32.01 9762726 31.21
