##########################################################################################
### Pulsi_number Aeg[ms] ADC[0-1023] SiPM[mV] Surnud_aeg[ms] Temperatuur[C]
##########################################################################################
Olen Slave nimega Sassu
1 9382 350 66.46 3 52.70
2 9974 287 50.23 16 48.94
3 28082 300 52.79 37 27.67
4 32241 300 52.79 54 44.75
5 33674 432 101.61 71 60.97
6 44825 188 32.01 93 14.99
7 45161 339 62.98 110 77.62
8 46444 97 21.75 127 12.84
9 49305 463 119.23 143 72.46
10 53074 364 71.71 164 71.17
11 56452 460 119.54 182 71.17
12 58352 254 43.77 198 22.94
13 58768 355 68.30 214 52.80
14 59567 398 85.63 230 53.66
15 63558 334 61.44 247 57.64
16 67201 352 66.89 263 52.80
17 68322 127 24.18 279 22.94
18 77325 352 66.89 297 55.38
19 77618 172 29.49 313 26.70
20 78504 348 65.64 329 59.25
21 85620 371 73.82 347 63.76
22 100761 472 125.87 366 89.97
23 100980 659 253.36 382 127.57
24 103115 568 189.84 400 109.20
25 105339 335 61.77 416 52.59
26 114096 335 61.77 438 68.81
27 115395 364 71.71 454 40.23
28 127425 337 62.30 472 56.46
29 129789 348 65.64 488 37.01
30 131847 335 61.77 504 37.33
31 134000 83 20.46 521 -1.02
32 135246 384 80.08 538 56.46
33 137410 304 53.73 602 36.37
34 144345 332 61.17 618 63.44
35 151093 323 58.48 635 57.74
36 154752 391 82.35 652 58.93
37 174666 536 160.18 671 98.99
38 175881 344 64.67 687 40.23
39 178384 131 24.54 704 26.05
40 184810 344 64.67 721 42.49
41 199216 376 76.43 741 76.87
42 201341 327 59.28 757 32.18
43 203706 387 81.05 777 60.86
44 216002 414 93.93 796 57.85
45 217474 289 50.47 813 54.09
46 218821 380 78.12 829 52.80
47 222403 312 55.68 846 60.86
48 239012 483 132.60 871 76.65
49 244957 384 80.08 889 69.45
50 245660 512 144.44 905 83.42
51 264071 110 22.78 928 -12.94
52 264638 384 80.08 944 42.28
53 273712 312 55.68 960 55.38
54 275938 284 49.41 978 54.09
55 277470 414 93.93 995 77.62
56 283090 359 69.86 1014 81.05
57 288969 112 22.94 1082 24.44
58 295711 889 913.60 1100 164.74
59 309734 364 71.71 1120 73.75
60 309851 335 61.77 1136 62.15
61 310999 423 97.36 1152 56.88
62 313663 423 97.36 1169 83.74
63 328779 359 69.86 1191 60.86
64 344232 319 57.64 1213 50.55
65 347143 305 53.88 1229 47.97
66 352312 348 65.64 1246 60.86
67 358648 455 117.03 1263 78.37
68 360704 295 51.75 1280 45.93
69 365666 348 65.64 1298 52.48
70 366668 398 85.63 1314 53.66
71 367526 435 104.92 1330 63.44
72 368394 376 76.43 1346 66.66
73 368703 319 57.64 1362 56.24
74 371969 355 68.30 1380 73.75
75 373049 312 55.68 1399 48.94
76 376059 454 115.28 1415 93.09
77 379970 440 109.25 1433 76.01
78 380113 225 38.48 1449 42.49
79 380538 492 134.92 1466 91.80
80 382850 364 71.71 1482 78.58
81 383486 319 57.64 1498 53.66
82 384654 280 48.67 1515 52.80
83 394330 192 32.67 1533 17.68
84 401841 316 56.81 1550 65.69
85 410061 433 104.37 1568 78.58
86 414362 316 56.81 1586 50.55
87 416630 335 61.77 1603 51.30
88 417767 353 67.64 1619 64.40
89 418873 487 132.65 1635 62.15
90 422912 323 58.48 1653 51.30
91 425032 399 87.30 1674 62.15
92 427251 355 68.30 1691 52.80
93 429296 428 101.58 1707 79.34
94 429432 240 41.21 1723 44.75
95 441117 455 117.03 1743 88.68
96 445403 335 61.77 1808 68.06
97 446946 476 129.76 1825 94.38
98 450194 56 16.76 1841 -9.07
99 454415 319 57.64 1861 39.16
100 455138 352 66.89 1878 63.44
101 457578 140 25.42 1894 9.30
102 458270 473 126.29 1910 78.05
103 458552 384 80.08 1926 52.80
104 458962 120 23.58 1942 -11.33
105 465067 216 36.85 1959 44.32
106 465118 348 65.64 1975 53.66
107 465932 476 129.76 1994 89.22
108 480606 460 119.54 2014 86.10
109 480922 376 76.43 2030 52.59
110 481172 422 97.97 2046 74.50
111 487760 396 85.28 2065 73.75
112 490267 224 38.29 2083 32.18
113 499367 344 64.67 2102 46.04
114 500182 332 61.17 2118 29.92
115 503030 376 76.43 2136 47.32
116 515281 286 49.78 2203 29.92
117 516841 252 43.42 2219 23.15
118 517667 192 32.67 2236 33.04
119 525856 323 58.48 2254 37.33
120 528941 412 92.93 2271 61.72
121 532396 529 156.43 2287 82.24
122 535684 419 97.20 2307 74.50
123 536169 414 93.93 2323 57.74
124 540433 273 47.25 2341 51.84
125 545329 287 50.23 2360 46.68
126 550106 369 73.42 2377 43.78
127 550134 335 61.77 2393 49.47
128 584599 120 23.58 2419 12.63
129 593071 560 175.34 2437 94.38
130 612096 433 104.37 2460 65.37
131 613388 332 61.17 2476 29.92
132 620990 472 125.87 2495 74.72
133 621047 312 55.68 2511 57.96
134 626142 312 55.68 2528 64.40
135 632943 454 115.28 2545 68.59
136 638862 463 119.23 2563 73.75
137 644423 344 64.67 2582 63.44
138 649185 270 46.71 2599 56.99
139 654861 56 16.76 2616 -9.07
140 661150 417 95.20 2632 60.86
141 672744 415 95.00 2650 51.30
142 675720 344 64.67 2667 42.17
143 679861 364 71.71 2683 73.00
144 683024 376 76.43 2699 52.80
145 683214 364 71.71 2715 60.86
146 683460 316 56.81 2731 55.27
147 684521 536 160.18 2747 102.11
148 694257 432 101.61 2768 54.84
149 708457 519 154.30 2789 73.75
150 717814 284 49.41 2806 37.33
