##########################################################################################
### Pulsi_number Aeg[ms] ADC[0-1023] SiPM[mV] Surnud_aeg[ms] Temperatuur[C]
##########################################################################################
Olen Master nimega Sassu
1 2577 71 19.06 0 32.18
2 6454 76 19.69 15 14.13
3 7244 135 24.92 33 5.43
4 8054 71 19.06 51 1.24
5 8559 81 20.25 69 -2.63
6 10331 73 19.32 87 6.07
7 11730 103 22.23 105 19.61
8 13845 300 52.79 123 52.48
9 14477 147 26.19 141 17.57
10 15758 71 19.06 163 9.30
11 15896 294 51.51 181 29.92
12 17496 152 26.78 199 26.05
13 19211 60 17.43 217 12.84
14 21390 108 22.63 236 22.19
15 26768 143 25.74 254 32.18
16 30942 199 33.86 273 42.49
17 31499 120 23.58 291 14.13
18 33799 81 20.25 307 14.13
19 35017 76 19.69 324 6.72
20 39135 312 55.68 341 62.15
21 40702 280 48.67 362 53.02
22 42941 76 19.69 379 18.00
23 42977 79 20.03 396 -7.78
24 44937 71 19.06 412 9.30
25 48334 71 19.06 428 17.35
26 48667 391 82.35 444 55.38
27 53134 120 23.58 463 31.21
28 54619 120 23.58 479 19.61
29 55229 143 25.74 495 12.84
30 61095 96 21.67 511 11.88
31 63570 126 24.09 527 32.18
32 64648 56 16.76 543 5.43
33 66777 71 19.06 559 16.71
34 66830 319 57.64 575 34.76
35 67584 83 20.46 591 -12.94
36 71009 108 22.63 607 32.18
37 73036 94 21.50 623 9.30
38 73446 79 20.03 639 -3.27
39 74433 49 15.48 655 7.04
40 79518 56 16.76 671 18.00
41 79814 49 15.48 687 -9.07
42 82255 49 15.48 703 11.88
43 85655 88 20.96 719 11.88
44 86604 135 24.92 735 13.92
45 87563 159 27.66 754 19.61
46 92001 71 19.06 770 34.76
47 92364 71 19.06 786 3.71
48 92938 102 22.15 802 2.31
49 94814 127 24.18 818 -1.02
50 97084 391 82.35 834 98.89
51 100882 65 18.22 850 12.20
52 100946 67 18.51 867 -11.33
53 105969 88 20.96 883 14.13
54 106564 96 21.67 899 3.82
55 107060 319 57.64 915 42.17
56 107310 63 17.91 931 1.24
57 111249 67 18.51 947 19.61
58 111462 192 32.67 964 16.39
59 111657 63 17.91 980 -9.07
60 113957 127 24.18 996 26.05
61 116360 332 61.17 1012 59.03
62 116906 120 23.58 1031 19.61
63 118602 176 30.09 1047 26.70
64 120531 206 35.07 1063 48.94
65 121178 71 19.06 1079 2.31
66 121309 60 17.43 1095 -13.91
67 123739 62 17.75 1111 12.84
68 124143 62 17.75 1128 -7.78
69 125234 51 15.86 1144 -2.84
70 125408 62 17.75 1160 -16.81
71 127519 56 16.76 1176 6.72
72 129697 76 19.69 1193 3.82
73 131183 92 21.32 1209 11.88
74 135435 414 93.93 1225 86.32
75 137223 67 18.51 1241 19.61
76 137764 62 17.75 1258 -8.43
77 138737 177 30.25 1274 17.35
78 148934 63 17.91 1293 18.00
79 149902 167 28.76 1310 16.92
80 150682 71 19.06 1326 2.53
81 151216 254 43.77 1342 28.31
82 151656 51 15.86 1358 0.27
83 155071 51 15.86 1374 14.13
84 155627 63 17.91 1390 -3.27
85 157276 88 20.96 1406 11.88
86 164769 63 17.91 1422 21.97
87 165006 231 39.55 1439 24.44
88 167877 127 24.18 1455 26.05
89 169395 131 24.54 1472 20.90
90 169635 126 24.09 1489 5.43
91 170942 63 17.91 1505 3.82
92 171187 56 16.76 1522 -12.94
93 172950 99 21.91 1538 12.41
94 175112 88 20.96 1554 14.13
95 177038 323 58.48 1573 57.96
96 177840 97 21.75 1590 16.39
97 177930 291 50.97 1606 31.86
98 179687 56 16.76 1622 10.59
99 180940 131 24.54 1639 16.71
100 184465 207 35.26 1656 40.23
101 184538 126 24.09 1672 9.30
102 184671 167 28.76 1689 6.72
103 184986 216 36.85 1705 19.61
104 188491 63 17.91 1721 16.71
105 190302 71 19.06 1738 14.13
106 192334 176 30.09 1755 28.10
107 195288 67 18.51 1771 15.74
108 199289 143 25.74 1788 31.21
109 201001 103 22.23 1805 16.71
110 201628 56 16.76 1821 -1.02
111 204316 127 24.18 1840 23.15
112 206291 94 21.50 1857 16.71
113 206641 113 23.02 1873 3.82
114 213515 236 40.44 1889 50.55
115 220872 185 31.51 1906 42.17
116 221505 159 27.66 1923 22.19
117 224791 60 17.43 1939 14.13
118 229548 103 22.23 1956 24.44
119 229595 51 15.86 1972 -9.39
120 234707 127 24.18 1988 29.92
121 234735 211 35.96 2005 19.61
122 238019 224 38.29 2021 42.92
123 238483 304 53.73 2038 47.97
124 238987 115 23.18 2054 14.13
125 239815 79 20.03 2070 3.82
126 240693 83 20.46 2089 3.50
127 241977 88 20.96 2105 7.69
128 242646 326 59.13 2121 45.07
129 243487 62 17.75 2137 6.83
130 244531 135 24.92 2153 14.13
131 245995 51 15.86 2170 3.82
132 247950 63 17.91 2186 11.88
133 249186 143 25.74 2203 18.00
134 250999 120 23.58 2220 19.61
135 251235 188 32.01 2237 14.13
136 251810 248 42.69 2253 29.92
137 252819 88 20.96 2269 10.59
138 254009 238 40.82 2285 34.76
139 255272 108 22.63 2302 15.74
140 258624 103 22.23 2318 23.15
141 258715 184 31.36 2334 13.81
142 260507 127 24.18 2353 20.90
143 263143 51 15.86 2369 11.88
144 268059 120 23.58 2385 28.10
145 269214 67 18.51 2402 9.30
146 272174 56 16.76 2419 11.88
147 273498 115 23.18 2436 15.74
148 274818 142 25.64 2453 19.61
149 275232 263 45.37 2470 32.18
150 278408 103 22.23 2486 23.15
151 278840 71 19.06 2502 -1.02
152 279485 56 16.76 2518 -6.49
153 280221 62 17.75 2534 -6.49
154 280332 216 36.85 2550 9.30
155 281417 83 20.46 2566 6.72
156 285208 79 20.03 2582 19.61
157 286198 94 21.50 2598 9.30
158 288942 112 22.94 2617 22.19
159 290563 287 50.23 2634 48.72
160 291116 92 21.32 2651 11.88
161 293119 62 17.75 2667 11.88
162 295014 120 23.58 2684 19.61
163 295735 188 32.01 2701 22.19
164 296312 56 16.76 2717 -1.02
165 297215 51 15.86 2733 -3.92
166 297554 134 24.82 2749 0.92
167 302209 252 43.42 2766 50.55
168 304654 67 18.51 2783 16.39
169 308577 156 27.28 2800 32.18
170 308759 56 16.76 2817 -4.24
171 311806 92 21.32 2833 19.61
172 312213 120 23.58 2849 6.72
173 313086 124 23.92 2866 10.59
174 313770 120 23.58 2886 7.47
175 319307 302 53.30 2903 62.15
176 323139 145 25.96 2920 32.18
177 325200 56 16.76 2937 11.88
178 325340 60 17.43 2954 -11.33
179 328219 156 27.28 2971 28.31
180 328281 60 17.43 2988 -6.82
181 328330 65 18.22 3005 -19.06
182 329053 81 20.25 3022 -3.92
183 329958 67 18.51 3038 -1.02
184 335352 339 62.98 3055 68.59
185 338950 127 24.18 3072 29.92
186 339586 79 20.03 3089 5.43
187 342584 71 19.06 3105 16.39
188 342908 92 21.32 3122 -1.02
189 343401 76 19.69 3138 -6.49
190 343790 76 19.69 3157 -9.29
191 344404 184 31.36 3173 14.13
192 346299 124 23.92 3189 19.61
193 348104 127 24.18 3206 22.19
194 349962 81 20.25 3223 13.81
195 350347 88 20.96 3240 -1.02
196 350710 63 17.91 3256 -10.04
197 351316 291 50.97 3273 34.54
198 354876 268 46.26 3289 52.80
199 355512 236 40.44 3306 37.33
200 357350 316 56.81 3323 57.96
201 357902 56 16.76 3340 7.47
202 359089 65 18.22 3356 3.82
203 360155 92 21.32 3373 6.72
204 361220 163 28.20 3389 19.61
205 365325 76 19.69 3406 19.61
206 365664 56 16.76 3425 -6.49
207 367028 391 82.35 3441 63.44
208 367197 220 37.58 3458 34.76
209 368018 103 22.23 3474 11.88
210 371000 56 16.76 3490 12.84
211 371598 96 21.67 3507 3.50
212 371852 88 20.96 3524 -6.82
213 372755 83 20.46 3541 1.24
214 377031 71 19.06 3562 18.00
215 378378 56 16.76 3579 5.43
216 381443 103 22.23 3596 22.19
217 382621 51 15.86 3613 3.82
218 383285 51 15.86 3629 -6.49
219 385087 79 20.03 3645 9.30
220 386065 131 24.54 3661 13.16
221 391428 76 19.69 3678 20.90
222 395878 108 22.63 3697 24.44
223 396821 376 76.43 3714 60.86
224 400089 67 18.51 3730 19.61
225 401186 60 17.43 3747 3.82
226 401271 339 62.98 3764 37.01
227 401773 81 20.25 3780 6.07
228 404448 177 30.25 3796 32.18
229 405098 76 19.69 3813 3.82
230 406036 60 17.43 3829 -1.02
231 406260 270 46.71 3845 24.44
232 407147 99 21.91 3862 9.30
233 407759 120 23.58 3878 6.72
234 407805 63 17.91 3895 -13.91
235 409234 120 23.58 3912 12.84
236 410045 147 26.19 3929 14.13
237 411453 184 31.36 3948 27.34
238 415009 92 21.32 3965 21.97
239 417182 70 18.93 3981 12.84
240 418704 79 20.03 3998 10.59
241 419788 152 26.78 4014 18.00
242 421410 70 18.93 4031 9.30
243 422655 152 26.78 4048 19.61
244 422783 334 61.44 4065 42.17
245 426329 60 17.43 4081 16.71
246 428904 131 24.54 4098 24.44
247 437547 102 22.15 4115 27.34
248 443010 89 21.05 4132 24.34
249 445264 56 16.76 4148 11.88
250 452291 51 15.86 4165 18.00
251 452606 152 26.78 4182 10.59
252 453827 184 31.36 4198 24.44
253 455525 335 61.77 4217 60.86
254 456641 120 23.58 4233 22.19
255 457140 67 18.51 4250 -1.02
256 461772 67 18.51 4266 19.61
257 461934 63 17.91 4283 -7.78
258 464700 127 24.18 4299 24.44
259 470588 51 15.86 4316 17.14
260 471817 192 32.67 4332 27.67
261 472202 51 15.86 4348 -3.92
262 474949 147 26.19 4364 27.34
263 479289 127 24.18 4381 29.92
264 480543 384 80.08 4398 65.69
265 482407 94 21.50 4414 20.90
266 487903 60 17.43 4430 19.61
267 492118 94 21.50 4447 22.72
268 492652 71 19.06 4463 0.92
269 494536 319 57.64 4482 55.38
270 501259 73 19.32 4498 22.19
271 503842 115 23.18 4515 23.15
272 505889 56 16.76 4532 10.59
273 506880 60 17.43 4549 1.24
274 511791 193 32.84 4566 40.23
275 515223 99 21.91 4582 23.15
276 516233 88 20.96 4598 9.30
277 518645 51 15.86 4614 10.59
278 521319 102 22.15 4630 19.61
279 521616 172 29.49 4646 14.13
280 526873 81 20.25 4662 22.19
281 533957 56 16.76 4678 19.61
282 538695 225 38.48 4695 46.68
283 540622 135 24.92 4712 27.34
284 543701 76 19.69 4729 17.35
285 544897 79 20.03 4748 7.69
286 545237 71 19.06 4764 -6.49
287 546487 323 58.48 4780 50.55
288 548392 56 16.76 4797 12.09
289 549949 96 21.67 4814 12.84
290 552057 385 80.11 4831 69.56
291 552386 65 18.22 4848 11.88
292 552720 83 20.46 4865 -3.49
293 552777 88 20.96 4881 -13.91
294 552941 78 19.92 4897 -16.81
295 553140 51 15.86 4913 -21.64
296 553531 419 97.20 4929 52.48
297 556433 62 17.75 4945 16.71
298 557918 96 21.67 4962 12.84
299 557969 56 16.76 4979 -13.69
300 559741 56 16.76 4995 3.82
301 561983 51 15.86 5015 9.30
302 564463 81 20.25 5032 15.74
303 564982 60 17.43 5049 -3.92
304 565203 127 24.18 5065 -2.63
305 565297 71 19.06 5081 -16.81
306 565853 51 15.86 5097 -12.94
307 567034 108 22.63 5113 9.30
308 568156 78 19.92 5130 6.07
309 568598 83 20.46 5146 -3.49
310 576312 135 24.92 5162 32.18
311 577267 71 19.06 5179 6.72
312 577358 51 15.86 5195 -15.20
313 578052 127 24.18 5211 3.82
314 580326 81 20.25 5227 14.13
315 580389 295 51.75 5244 31.21
316 584718 192 32.67 5260 40.23
317 585904 63 17.91 5279 9.30
318 586057 57 16.93 5296 -11.33
319 587233 71 19.06 5312 2.53
320 587326 184 31.36 5329 6.72
321 587401 195 33.17 5345 9.30
322 588959 134 24.82 5361 19.61
323 589520 79 20.03 5378 1.24
324 591232 71 19.06 5394 9.30
325 591664 79 20.03 5411 -3.59
326 591998 71 19.06 5427 -10.04
327 593588 199 33.86 5443 29.92
328 593854 339 62.98 5460 47.97
329 595996 88 20.96 5476 18.00
330 598664 49 15.48 5492 11.88
331 598996 51 15.86 5508 -9.07
332 603355 96 21.67 5524 22.51
333 605562 108 22.63 5543 19.61
334 610238 134 24.82 5560 29.92
335 614771 112 22.94 5577 27.34
336 615890 167 28.76 5594 24.44
337 617101 120 23.58 5611 16.71
338 617446 71 19.06 5628 -3.92
339 619531 56 16.76 5644 7.69
340 621762 96 21.67 5661 16.71
341 624865 124 23.92 5678 24.44
342 626045 63 17.91 5695 6.72
343 634578 158 27.53 5712 37.33
344 637303 159 27.66 5729 31.86
345 637494 63 17.91 5745 -2.63
346 642879 140 25.42 5762 31.86
347 643263 184 31.36 5779 20.90
348 644994 167 28.76 5798 27.34
349 645692 60 17.43 5815 1.24
350 648605 88 20.96 5831 17.35
351 649749 62 17.75 5847 3.82
352 651429 271 46.93 5864 45.07
353 652768 79 20.03 5881 13.81
354 653806 295 51.75 5897 45.07
355 656458 63 17.91 5914 15.74
356 656804 316 56.81 5931 41.52
357 657228 56 16.76 5947 1.24
358 657653 67 18.51 5963 -7.78
359 658088 184 31.36 5980 11.88
360 659901 113 23.02 5996 17.57
361 661977 103 22.23 6013 18.00
362 664823 81 20.25 6029 17.35
363 665072 63 17.91 6046 -6.82
364 666459 56 16.76 6065 2.31
365 670384 56 16.76 6082 14.13
366 674118 65 18.22 6099 16.71
367 676315 88 20.96 6116 16.71
368 677845 56 16.76 6133 6.72
369 677872 67 18.51 6150 -14.55
370 681961 71 19.06 6167 18.00
371 682720 73 19.32 6184 2.53
372 685343 88 20.96 6200 16.71
373 688872 199 33.86 6216 40.23
374 689424 60 17.43 6233 3.50
375 692803 92 21.32 6250 19.61
376 695166 71 19.06 6266 14.13
377 698268 63 17.91 6283 14.35
378 700600 78 19.92 6300 14.13
379 701043 103 22.23 6317 2.53
380 702189 103 22.23 6336 9.30
381 702929 99 21.91 6352 3.82
382 703155 110 22.78 6368 -3.92
383 704497 76 19.69 6384 6.07
384 712025 79 20.03 6400 23.15
385 712350 103 22.23 6416 3.60
386 713586 88 20.96 6432 7.47
387 713951 94 21.50 6448 -2.84
388 718135 83 20.46 6464 20.90
389 723826 280 48.67 6480 57.96
390 724171 56 16.76 6497 6.07
391 725608 113 23.02 6513 14.13
392 727985 88 20.96 6529 16.71
393 728178 92 21.32 6545 -3.70
394 729436 92 21.32 6561 7.69
395 730082 70 18.93 6577 -2.63
396 732082 176 30.09 6596 27.67
397 734986 63 17.91 6612 15.74
398 736374 135 24.92 6629 19.61
399 736753 350 66.46 6646 48.29
400 736924 131 24.54 6662 14.13
401 739012 88 20.96 6679 14.13
402 743956 71 19.06 6695 20.90
403 744451 184 31.36 6711 19.61
404 744674 176 30.09 6728 12.84
405 745874 76 19.69 6745 6.72
406 747694 79 20.03 6762 11.88
407 747986 188 32.01 6783 14.13
408 748970 49 15.48 6800 0.27
409 749043 92 21.32 6817 -11.33
410 753714 92 21.32 6833 22.19
411 753969 56 16.76 6849 -6.49
412 754443 92 21.32 6868 -4.24
413 763289 71 19.06 6884 22.94
414 765139 88 20.96 6901 14.13
415 765859 184 31.36 6918 20.90
416 768790 96 21.67 6934 20.90
417 769099 56 16.76 6951 -6.60
418 772253 60 17.43 6967 12.84
419 776129 62 17.75 6984 16.71
420 781892 49 15.48 7001 16.71
421 782317 63 17.91 7018 -3.92
422 782382 131 24.54 7035 -6.49
423 787735 63 17.91 7052 19.61
424 788039 207 35.26 7069 22.19
425 789599 71 19.06 7085 10.59
426 790827 127 24.18 7102 16.39
427 791024 88 20.96 7119 -3.92
428 791511 174 29.79 7138 11.88
429 792198 295 51.75 7154 40.23
430 792459 79 20.03 7170 3.82
431 794134 60 17.43 7186 6.72
432 794664 57 16.93 7203 -6.49
433 801376 48 15.29 7219 17.35
434 801578 60 17.43 7235 -9.07
435 803202 96 21.67 7252 11.88
436 805505 103 22.23 7269 19.61
437 809239 76 19.69 7285 19.61
438 814395 241 41.39 7302 50.55
439 815640 76 19.69 7319 13.81
440 816568 79 20.03 7335 3.82
441 824298 115 23.18 7351 29.92
442 824325 79 20.03 7368 -3.92
443 824636 89 21.05 7384 -6.82
444 824674 159 27.66 7403 -3.49
445 825271 113 23.02 7419 2.53
446 827668 56 16.76 7435 10.59
447 827813 71 19.06 7452 -9.39
448 833550 120 23.58 7468 28.31
449 833712 152 26.78 7485 11.88
450 834693 179 30.55 7501 22.19
451 838417 377 76.28 7517 74.07
452 841531 60 17.43 7534 19.61
453 847416 63 17.91 7551 19.61
454 847801 70 18.93 7568 -2.63
455 850077 56 16.76 7584 9.30
456 850571 92 21.32 7601 -0.91
457 851463 71 19.06 7617 -0.91
458 854767 255 43.96 7633 48.94
459 856427 70 18.93 7650 14.13
460 857271 51 15.86 7670 -1.02
461 863677 49 15.48 7686 17.78
462 864130 263 45.37 7703 32.18
463 866478 92 21.32 7720 19.61
464 872348 79 20.03 7736 22.19
465 873117 159 27.66 7752 19.61
466 873257 83 20.46 7768 -4.24
467 874206 63 17.91 7784 -1.02
468 875892 96 21.67 7800 12.20
469 876898 188 32.01 7817 24.23
470 877159 51 15.86 7833 -6.49
471 881247 63 17.91 7849 16.71
472 882509 63 17.91 7866 6.07
473 884083 339 62.98 7883 56.99
474 884127 224 38.29 7900 32.18
475 885388 56 16.76 7916 6.72
476 886199 83 20.46 7936 2.31
477 886677 56 16.76 7952 -9.07
478 888576 78 19.92 7968 9.40
479 892011 76 19.69 7985 18.00
480 893349 355 68.30 8001 60.86
481 894072 103 22.23 8017 17.14
482 897411 113 23.02 8033 24.44
483 897823 240 41.21 8050 29.92
484 901226 63 17.91 8067 16.71
485 901980 184 31.36 8084 21.54
486 903350 56 16.76 8100 6.72
487 903639 99 21.91 8117 -3.49
488 904996 63 17.91 8133 3.82
489 908447 60 17.43 8150 14.13
490 909845 63 17.91 8167 6.72
491 911736 96 21.67 8184 14.13
492 913579 60 17.43 8203 9.30
493 916143 179 30.55 8220 32.18
494 916996 65 18.22 8236 5.43
495 920116 60 17.43 8253 14.13
496 920707 79 20.03 8270 0.27
497 920961 207 35.26 8286 14.13
498 920983 63 17.91 8302 -12.94
499 922102 56 16.76 8319 -1.02
500 922506 172 29.49 8336 9.30
501 924328 56 16.76 8352 7.69
502 924368 71 19.06 8369 -13.69
503 924848 131 24.54 8385 0.92
504 926235 99 21.91 8402 11.66
505 928778 63 17.91 8418 12.20
506 929554 99 21.91 8435 6.72
507 930659 153 26.90 8451 18.00
508 931348 83 20.46 8470 3.82
509 932135 81 20.25 8486 0.92
510 935114 110 22.78 8502 22.19
511 938909 56 16.76 8518 16.39
512 940055 332 61.17 8535 52.80
513 943499 94 21.50 8551 23.15
514 961563 88 20.96 8567 26.05
515 962697 147 26.19 8583 22.19
516 966100 60 17.43 8599 15.74
517 966875 359 69.86 8616 55.06
518 968535 96 21.67 8632 19.61
519 968843 231 39.55 8648 24.44
520 969882 248 42.69 8664 37.55
521 970989 60 17.43 8681 6.93
522 972029 94 21.50 8698 6.72
523 973959 241 41.39 8714 40.23
524 975193 216 36.85 8734 34.76
525 975542 159 27.66 8750 16.71
526 977168 78 19.92 8766 11.88
527 979936 152 26.78 8782 28.31
528 980488 270 46.71 8798 37.33
529 980640 440 109.25 8814 68.59
530 981559 211 35.96 8830 38.62
531 982089 323 58.48 8846 50.55
532 983616 143 25.74 8862 26.70
533 988048 78 19.92 8879 20.90
534 988527 79 20.03 8895 0.92
535 989040 60 17.43 8911 -7.78
536 994105 172 29.49 8927 37.33
537 994966 56 16.76 8943 5.43
538 999310 73 19.32 8959 19.61
539 1000235 216 36.85 8978 29.92
540 1001948 60 17.43 8994 9.30
541 1002176 88 20.96 9011 -6.28
542 1002588 113 23.02 9027 -1.02
543 1002615 112 22.94 9043 -9.39
544 1003859 110 22.78 9060 9.30
545 1004835 103 22.23 9077 7.69
546 1009151 120 23.58 9093 27.45
547 1009705 79 20.03 9110 3.50
548 1012752 236 40.44 9126 45.07
549 1013342 113 23.02 9143 14.13
550 1015687 88 20.96 9159 16.39
551 1016057 49 15.48 9176 -7.78
552 1020578 92 21.32 9192 22.19
553 1020833 83 20.46 9209 -1.02
554 1023591 174 29.79 9225 31.86
555 1024602 92 21.32 9244 11.88
556 1029567 97 21.75 9261 24.44
557 1029662 99 21.91 9278 -0.91
558 1031532 271 46.93 9294 45.07
559 1033190 364 71.71 9311 65.91
560 1034727 56 16.76 9328 14.13
561 1035166 79 20.03 9345 -1.02
562 1035507 51 15.86 9361 -13.58
563 1044819 259 44.69 9377 55.60
564 1049641 113 23.02 9394 29.92
565 1052501 112 22.94 9411 24.44
566 1056049 224 38.29 9428 45.07
567 1057810 211 35.96 9445 38.62
568 1058798 56 16.76 9462 6.07
569 1058890 339 62.98 9479 37.33
570 1061396 70 18.93 9498 16.39
571 1065154 48 15.29 9515 14.13
572 1065220 184 31.36 9532 9.30
573 1065668 102 22.15 9548 0.92
574 1070215 124 23.92 9564 28.31
575 1071105 63 17.91 9581 3.82
576 1072716 62 17.75 9598 6.72
577 1074116 217 37.04 9615 32.18
578 1079588 60 17.43 9632 19.61
579 1083735 78 19.92 9649 20.90
580 1086926 83 20.46 9666 19.61
581 1087413 96 21.67 9683 3.50
582 1089170 63 17.91 9699 7.69
583 1090019 79 20.03 9716 1.67
584 1092991 352 66.89 9732 65.69
585 1094253 88 20.96 9749 18.00
586 1095256 140 25.42 9769 16.71
587 1101910 176 30.09 9786 40.23
588 1111509 344 64.67 9803 73.75
589 1112427 147 26.19 9820 29.92
590 1115741 327 59.28 9837 63.44
591 1116325 67 18.51 9854 11.88
592 1118503 152 26.78 9871 26.70
593 1119912 195 33.17 9888 31.86
594 1120678 271 46.93 9905 41.52
595 1121075 134 24.82 9922 14.13
596 1121126 60 17.43 9939 -11.33
597 1122012 96 21.67 9956 1.24
598 1122997 184 31.36 9973 20.90
599 1123852 304 53.73 9994 45.07
600 1127888 126 24.09 10011 29.92
601 1128314 56 16.76 10031 -1.02
602 1129374 67 18.51 10048 1.24
603 1132855 462 120.87 10065 89.22
604 1135977 103 22.23 10082 27.34
605 1139262 63 17.91 10099 16.71
606 1144941 113 23.02 10116 28.31
607 1147396 312 55.68 10133 58.17
608 1148495 286 49.78 10150 51.84
609 1151399 227 38.83 10167 45.07
610 1152959 88 20.96 10184 16.71
611 1154708 83 20.46 10201 12.63
612 1155151 480 130.21 10218 73.75
613 1157663 135 24.92 10235 29.92
614 1158516 80 20.14 10252 7.04
615 1158989 63 17.91 10268 -6.49
616 1159151 76 19.69 10288 -13.91
617 1160727 124 23.92 10304 14.13
618 1162202 89 21.05 10321 11.88
619 1162917 131 24.54 10338 11.66
620 1165335 83 20.46 10355 16.39
621 1167638 120 23.58 10372 22.19
622 1169394 199 33.86 10389 32.18
623 1171244 78 19.92 10406 14.13
624 1172263 88 20.96 10423 7.04
625 1175499 83 20.46 10440 19.61
626 1178553 99 21.91 10457 22.19
627 1179366 60 17.43 10474 1.24
628 1183168 88 20.96 10491 20.90
629 1190470 70 18.93 10508 22.19
630 1192780 161 27.93 10525 29.92
631 1192985 65 18.22 10539 -2.84
632 1196539 63 17.91 10556 16.39
633 1201032 184 31.36 10573 38.62
634 1201224 79 20.03 10590 1.67
635 1201478 120 23.58 10606 -1.02
636 1202467 120 23.58 10623 9.30
637 1208570 135 24.92 10640 32.18
638 1209632 48 15.29 10657 3.82
639 1210471 112 22.94 10674 6.83
640 1213147 49 15.48 10691 10.59
641 1214542 135 24.92 10708 18.00
642 1214562 67 18.51 10725 -10.04
643 1214753 152 26.78 10742 -1.02
644 1217974 92 21.32 10758 19.61
645 1219176 199 33.86 10778 29.92
646 1219424 248 42.69 10794 29.92
647 1220722 78 19.92 10811 10.59
648 1221615 255 43.96 10828 33.04
649 1223262 60 17.43 10844 9.30
650 1223405 115 23.18 10861 -2.63
651 1228423 385 80.11 10878 78.26
652 1231006 76 19.69 10895 22.19
653 1233650 124 23.92 10912 24.44
654 1233792 176 30.09 10929 13.81
655 1236108 81 20.25 10945 14.13
656 1238676 71 19.06 10962 14.13
657 1239122 120 23.58 10979 6.07
658 1240797 83 20.46 10996 11.88
659 1247681 88 20.96 11013 24.44
660 1247901 135 24.92 11032 9.30
661 1248753 51 15.86 11049 -2.63
662 1256115 63 17.91 11065 22.19
663 1258250 56 16.76 11082 10.59
664 1260718 51 15.86 11099 10.59
665 1264551 60 17.43 11116 16.71
666 1265640 78 19.92 11133 6.72
667 1267614 103 22.23 11150 16.71
668 1267825 79 20.03 11167 -4.24
669 1268826 67 18.51 11183 -1.02
670 1270234 255 43.96 11200 40.23
671 1272709 97 21.75 11217 20.90
672 1274371 83 20.46 11234 12.20
673 1276115 192 32.67 11251 29.92
674 1282457 241 41.39 11268 52.48
675 1282704 199 33.86 11288 29.92
676 1284967 51 15.86 11305 11.88
677 1287065 81 20.25 11322 14.13
678 1290327 120 23.58 11339 24.44
679 1292591 332 61.17 11356 60.86
680 1293472 79 20.03 11373 14.02
681 1298098 174 29.79 11389 37.33
682 1300401 88 20.96 11406 18.00
683 1306918 67 18.51 11423 22.19
684 1308272 60 17.43 11440 6.72
685 1312155 56 16.76 11457 16.39
686 1314724 127 24.18 11474 24.44
687 1315757 60 17.43 11491 3.82
688 1315787 65 18.22 11508 -16.81
689 1318600 88 20.96 11525 16.39
690 1319868 120 23.58 11545 14.13
691 1321147 152 26.78 11562 20.90
692 1322272 428 101.58 11579 72.46
693 1324524 460 119.54 11596 91.80
694 1324918 71 19.06 11613 19.61
695 1325650 167 28.76 11630 19.61
696 1329396 94 21.50 11647 22.19
697 1330780 176 30.09 11664 27.34
698 1331438 103 22.23 11681 9.30
699 1332040 135 24.92 11698 9.30
700 1332895 60 17.43 11715 -1.02
701 1338558 156 27.28 11732 34.76
702 1339048 206 35.07 11749 27.34
703 1339613 398 85.63 11765 62.15
704 1343860 70 18.93 11782 22.19
705 1345701 56 16.76 11802 9.30
706 1347689 364 71.71 11819 64.40
707 1349518 121 23.66 11836 26.05
708 1350946 79 20.03 11853 11.88
709 1351670 126 24.09 11870 9.30
710 1355563 60 17.43 11887 16.71
711 1359892 156 27.28 11904 34.43
712 1360734 67 18.51 11921 6.72
713 1362984 103 22.23 11938 18.00
714 1364110 67 18.51 11955 5.43
715 1364581 163 28.20 11972 11.88
716 1364788 255 43.96 11989 24.44
717 1365548 147 26.19 12005 16.71
718 1370963 94 21.50 12022 24.44
719 1371093 184 31.36 12039 14.13
720 1371826 92 21.32 12058 3.82
721 1373566 190 32.33 12074 29.92
722 1374662 88 20.96 12091 11.88
723 1378011 335 61.77 12108 64.40
724 1378185 352 66.89 12125 60.86
725 1379547 62 17.75 12141 13.92
726 1380895 156 27.28 12158 22.19
727 1383075 83 20.46 12175 15.74
728 1384088 88 20.96 12192 7.04
729 1384613 103 22.23 12209 1.24
730 1385814 71 19.06 12225 3.82
731 1385866 88 20.96 12242 -11.33
732 1387004 120 23.58 12258 9.30
733 1388133 127 24.18 12275 14.13
734 1390540 51 15.86 12292 9.30
735 1390713 67 18.51 12312 -10.04
736 1390963 220 37.58 12329 11.88
737 1391281 199 33.86 12345 16.60
738 1391458 359 69.86 12361 47.32
739 1393360 60 17.43 12377 12.84
740 1395335 49 15.48 12394 7.69
741 1399599 176 30.09 12411 37.33
742 1402180 92 21.32 12428 19.61
743 1402711 51 15.86 12445 -3.92
744 1403994 184 31.36 12461 23.15
745 1404102 135 24.92 12478 6.07
746 1406009 127 24.18 12495 19.61
747 1407343 56 16.76 12512 5.43
748 1407596 56 16.76 12529 -11.33
749 1408504 51 15.86 12546 -6.49
750 1410698 60 17.43 12565 9.30
751 1414551 102 22.15 12582 23.15
752 1415085 88 20.96 12599 3.82
753 1417101 94 21.50 12615 14.13
754 1418317 60 17.43 12631 3.82
755 1419257 348 65.64 12648 51.84
756 1420344 252 43.42 12664 43.78
757 1422054 294 51.51 12681 52.80
758 1426428 63 17.91 12698 19.61
759 1426649 62 17.75 12715 -6.82
760 1430695 88 20.96 12732 22.19
761 1432830 67 18.51 12748 12.09
762 1432998 63 17.91 12765 -9.39
763 1434173 71 19.06 12782 1.46
764 1437716 89 21.05 12799 20.90
765 1439003 352 66.89 12819 57.96
766 1439032 99 21.91 12835 11.88
767 1440725 312 55.68 12851 52.80
768 1440807 142 25.64 12868 16.71
769 1443383 156 27.28 12885 29.92
770 1446555 65 18.22 12902 16.71
771 1447934 51 15.86 12919 3.82
772 1449448 67 18.51 12936 6.72
773 1450132 79 20.03 12953 -0.91
774 1452526 319 57.64 12969 57.96
775 1453019 70 18.93 12986 9.30
776 1454491 56 16.76 13003 3.82
777 1455194 103 22.23 13020 3.82
778 1460064 49 15.48 13036 16.71
779 1462522 225 38.48 13052 41.52
780 1462711 159 27.66 13072 17.14
781 1466400 204 34.73 13088 41.52
782 1467442 71 19.06 13105 9.40
783 1468656 207 35.26 13122 29.92
784 1469750 131 24.54 13139 18.00
785 1469970 76 19.69 13156 -4.88
786 1472752 103 22.23 13172 19.61
787 1473331 60 17.43 13189 -1.02
788 1473680 112 22.94 13206 -2.63
789 1473797 88 20.96 13223 -11.33
790 1474656 60 17.43 13240 -6.49
791 1475355 80 20.14 13257 -3.27
792 1477443 108 22.63 13278 16.71
793 1482438 63 17.91 13295 19.61
794 1482535 364 71.71 13312 47.75
795 1483075 188 32.01 13332 27.34
796 1485557 231 39.55 13348 43.78
797 1485678 152 26.78 13365 16.39
798 1487601 60 17.43 13381 9.30
799 1489767 71 19.06 13398 11.88
800 1490260 112 22.94 13415 3.82
801 1491508 112 22.94 13432 11.88
802 1491529 94 21.50 13449 -9.07
803 1491971 355 68.30 13465 42.71
804 1497704 92 21.32 13481 26.05
805 1501899 63 17.91 13498 19.61
806 1502073 63 17.91 13515 -7.78
807 1506966 179 30.55 13532 38.62
808 1508955 78 19.92 13549 16.39
809 1509919 238 40.82 13566 32.18
810 1510911 193 32.84 13586 29.92
811 1517451 88 20.96 13603 24.44
812 1524716 127 24.18 13620 32.18
813 1526118 163 28.20 13637 26.70
814 1527546 71 19.06 13654 9.30
815 1531235 240 41.21 13671 47.97
816 1531474 76 19.69 13688 6.07
817 1532718 92 21.32 13704 9.30
818 1534386 94 21.50 13721 12.63
819 1534638 71 19.06 13738 -7.78
820 1537198 49 15.48 13755 9.30
821 1537415 131 24.54 13772 1.46
822 1542973 71 19.06 13789 22.19
823 1544754 359 69.86 13806 64.19
824 1545488 65 18.22 13823 11.88
825 1547350 60 17.43 13843 9.30
826 1547624 236 40.44 13860 22.19
827 1549477 92 21.32 13877 14.13
828 1551262 63 17.91 13894 9.30
829 1552079 71 19.06 13911 0.92
830 1554510 71 19.06 13928 12.84
831 1555314 207 35.26 13945 24.44
832 1555810 83 20.46 13961 2.53
833 1556335 71 19.06 13978 -4.24
834 1556604 167 28.76 13995 5.43
835 1560337 199 33.86 14012 40.23
836 1560358 102 22.15 14029 3.82
837 1560864 115 23.18 14046 2.53
838 1564483 56 16.76 14063 14.13
839 1565531 167 28.76 14080 22.19
840 1567853 78 19.92 14100 14.13
841 1568646 48 15.29 14117 -2.84
842 1569296 51 15.86 14134 -9.07
843 1571655 225 38.48 14150 38.41
844 1572585 63 17.91 14167 6.72
845 1577840 63 17.91 14184 19.61
846 1577870 56 16.76 14201 -11.33
847 1579205 81 20.25 14218 4.03
848 1580809 60 17.43 14235 5.43
849 1584499 99 21.91 14252 22.19
850 1585861 96 21.67 14269 12.41
851 1586624 88 20.96 14286 3.82
852 1588462 78 19.92 14302 10.59
853 1588553 147 26.19 14319 2.31
854 1593223 79 20.03 14336 22.19
855 1594907 120 23.58 14356 19.61
856 1594962 57 16.93 14373 -11.33
857 1595501 366 72.41 14390 45.07
858 1605973 96 21.67 14407 28.10
859 1606131 88 20.96 14424 -0.91
860 1606762 51 15.86 14440 -7.78
861 1608096 120 23.58 14456 11.88
862 1608780 83 20.46 14473 1.24
863 1609594 83 20.46 14489 0.92
864 1610730 399 87.30 14506 63.44
865 1612179 79 20.03 14523 16.71
866 1612590 94 21.50 14540 0.92
867 1616943 71 19.06 14556 19.61
868 1617162 270 46.71 14573 30.03
869 1617235 92 21.32 14590 -0.91
870 1621030 63 17.91 14609 16.71
871 1625549 263 45.37 14626 54.09
872 1626882 112 22.94 14643 20.90
873 1630312 110 22.78 14660 24.44
874 1634971 49 15.48 14677 16.71
875 1642967 248 42.69 14694 54.09
876 1647840 390 82.70 14711 81.48
877 1647908 62 17.75 14728 12.84
878 1648336 108 22.63 14745 2.31
879 1655362 67 18.51 14761 22.19
880 1656418 204 34.73 14778 28.31
881 1658171 63 17.91 14795 11.88
882 1660891 80 20.14 14812 16.71
883 1661279 143 25.74 14829 9.30
884 1662959 263 45.37 14845 42.92
885 1664615 131 24.54 14865 24.12
886 1665223 167 28.76 14881 19.61
887 1665256 78 19.92 14897 -8.00
888 1666003 56 16.76 14913 -7.78
889 1666309 71 19.06 14929 -12.94
890 1670943 62 17.75 14945 18.00
891 1674479 376 76.43 14962 73.75
892 1676581 56 16.76 14979 16.71
893 1685051 92 21.32 14996 27.34
894 1685831 60 17.43 15012 1.46
895 1686177 199 33.86 15029 14.13
896 1690585 63 17.91 15045 19.61
897 1694768 76 19.69 15062 20.90
898 1695623 88 20.96 15079 6.72
899 1701479 56 16.76 15095 19.61
900 1708211 195 33.17 15109 45.07
901 1711836 289 50.47 15126 57.96
902 1712025 51 15.86 15143 3.82
903 1715107 496 144.49 15159 94.38
904 1718780 81 20.25 15176 26.05
905 1718972 63 17.91 15193 -4.88
906 1721055 127 24.18 15210 20.90
907 1721729 248 42.69 15227 32.18
908 1724242 184 31.36 15244 34.76
909 1724578 57 16.93 15261 -1.02
910 1726086 176 30.09 15278 24.44
911 1730460 76 19.69 15295 20.90
912 1731257 103 22.23 15312 9.30
913 1732269 455 117.03 15328 74.72
914 1733060 126 24.09 15348 24.44
915 1733585 199 33.86 15365 23.15
916 1735344 67 18.51 15381 11.88
917 1737032 384 80.08 15398 65.69
918 1738182 70 18.93 15415 14.13
919 1742958 51 15.86 15432 16.71
920 1745719 327 59.28 15449 62.15
921 1747106 88 20.96 15466 18.00
922 1748600 124 23.92 15483 18.00
923 1756164 56 16.76 15500 20.90
924 1756542 120 23.58 15517 6.72
925 1758713 76 19.69 15534 12.09
926 1758749 211 35.96 15551 13.81
927 1759677 67 18.51 15567 1.24
928 1762994 319 57.64 15584 60.86
929 1763667 70 18.93 15604 11.88
930 1764703 432 101.61 15621 71.17
931 1765323 56 16.76 15638 11.88
932 1765584 121 23.66 15655 1.24
933 1768023 103 22.23 15672 18.00
934 1772092 334 61.44 15689 65.69
935 1773055 79 20.03 15706 16.39
936 1774728 152 26.78 15722 23.15
937 1775094 67 18.51 15739 -3.27
938 1780918 131 24.54 15756 32.18
939 1781539 62 17.75 15773 1.24
940 1785960 115 23.18 15790 27.34
941 1787144 255 43.96 15807 41.52
942 1796827 305 53.88 15824 65.69
943 1800183 51 15.86 15841 18.00
944 1805341 71 19.06 15861 22.19
945 1805957 56 16.76 15878 -1.02
946 1806691 108 22.63 15895 3.82
947 1809518 103 22.23 15911 20.90
948 1810351 263 45.37 15928 37.33
949 1810929 113 23.02 15945 11.88
950 1812331 81 20.25 15962 9.30
951 1812667 70 18.93 15979 -7.78
952 1814256 134 24.82 15996 16.71
953 1818327 63 17.91 16013 18.00
954 1819528 120 23.58 16030 14.13
955 1820886 262 45.24 16047 41.52
956 1823616 199 33.86 16064 40.23
957 1824513 56 16.76 16081 5.43
958 1826183 476 129.76 16098 83.42
959 1827797 112 22.94 16118 27.34
960 1828148 231 39.55 16135 27.34
961 1828256 67 18.51 16152 -4.24
962 1830748 280 48.67 16169 50.55
963 1833094 71 19.06 16186 16.71
964 1833347 80 20.14 16203 -3.92
965 1834836 222 37.96 16220 31.86
966 1835069 103 22.23 16237 3.82
967 1837893 79 20.03 16253 16.39
968 1838844 108 22.63 16270 9.30
969 1840578 56 16.76 16286 6.72
970 1840696 62 17.75 16303 -13.80
971 1840859 224 38.29 16320 9.30
972 1843900 127 24.18 16337 26.05
973 1845436 71 19.06 16354 10.59
974 1851975 63 17.91 16374 22.19
975 1852891 115 23.18 16391 11.88
976 1853600 380 78.12 16408 55.38
977 1854654 99 21.91 16424 17.14
978 1855542 220 37.58 16441 29.92
979 1856771 103 22.23 16457 14.13
980 1857896 79 20.03 16474 6.72
981 1857976 252 43.42 16491 20.90
982 1858759 236 40.44 16508 31.86
983 1860733 88 20.96 16525 16.39
984 1860764 184 31.36 16542 9.30
985 1861331 79 20.03 16563 -1.02
986 1861847 231 39.55 16580 22.19
987 1862192 284 49.41 16597 34.76
988 1862234 92 21.32 16614 0.92
989 1864534 380 78.12 16641 68.59
990 1867560 67 18.51 16657 19.61
991 1868494 79 20.03 16674 5.43
992 1869378 56 16.76 16690 -3.27
993 1869556 63 17.91 16706 -15.20
994 1869624 56 16.76 16723 -24.11
995 1870964 71 19.06 16739 1.24
996 1871023 280 48.67 16756 22.72
997 1871305 79 20.03 16773 -1.02
998 1873727 81 20.25 16789 14.13
999 1877883 51 15.86 16806 16.60
1000 1880937 112 22.94 16823 23.15
1001 1884484 65 18.22 16840 18.00
1002 1886124 156 27.28 16857 24.44
1003 1892236 76 19.69 16874 23.15
1004 1892786 60 17.43 16888 -1.02
1005 1893120 79 20.03 16904 -9.07
1006 1896896 227 38.83 16920 45.07
1007 1897870 167 28.76 16937 26.70
1008 1900057 271 46.93 16954 50.55
1009 1901658 408 90.57 16971 76.01
1010 1902127 316 56.81 16988 57.96
1011 1903625 103 22.23 17004 21.76
1012 1905586 110 22.78 17021 19.61
1013 1912740 71 19.06 17038 23.15
1014 1914122 176 30.09 17055 27.13
1015 1914354 127 24.18 17072 7.26
1016 1915713 184 31.36 17089 24.44
1017 1916814 63 17.91 17106 5.43
1018 1917802 60 17.43 17126 -1.02
1019 1920970 71 19.06 17143 16.39
1020 1924245 67 18.51 17160 16.71
1021 1931098 536 160.18 17177 109.84
1022 1933444 94 21.50 17194 29.92
1023 1934783 71 19.06 17211 9.30
1024 1934928 81 20.25 17228 -9.07
1025 1934962 88 20.96 17245 -16.81
1026 1935263 120 23.58 17262 -7.78
1027 1937369 112 22.94 17279 16.71
1028 1937534 195 33.17 17296 14.13
1029 1937704 163 28.20 17313 7.69
1030 1940005 248 42.69 17330 42.49
1031 1942693 97 21.75 17347 22.19
1032 1943581 96 21.67 17367 7.69
1033 1947879 176 30.09 17384 37.33
1034 1948822 60 17.43 17401 6.72
1035 1951488 56 16.76 17418 11.88
1036 1951666 81 20.25 17435 -6.82
1037 1952940 195 33.17 17452 24.44
1038 1954244 51 15.86 17469 3.82
1039 1960166 99 21.91 17486 27.34
1040 1961531 83 20.46 17503 11.88
1041 1962474 56 16.76 17520 -1.02
1042 1964341 161 27.93 17537 24.44
1043 1968409 192 32.67 17554 40.23
1044 1968802 63 17.91 17571 1.67
1045 1969575 216 36.85 17588 23.15
1046 1970892 240 41.21 17605 37.55
1047 1973381 96 21.67 17625 19.61
1048 1977741 63 17.91 17642 19.61
1049 1977929 79 20.03 17659 -3.92
1050 1982847 67 18.51 17676 19.61
1051 1986311 113 23.02 17693 24.44
1052 1987538 88 20.96 17710 11.88
1053 1988809 307 54.48 17727 48.29
1054 1989262 97 21.75 17744 11.88
1055 1989568 71 19.06 17761 -6.49
1056 1991115 287 50.23 17778 45.07
1057 1992010 63 17.91 17795 7.69
1058 1992136 92 21.32 17812 -7.78
1059 1993010 88 20.96 17829 -0.91
1060 1993130 78 19.92 17845 -13.69
1061 1993575 71 19.06 17865 -11.33
1062 1996025 88 20.96 17882 14.13
1063 1996386 152 26.78 17899 9.30
1064 1998556 79 20.03 17916 12.84
1065 1998840 99 21.91 17933 -1.02
1066 2000446 67 18.51 17949 6.72
1067 2004183 188 32.01 17966 37.33
1068 2005731 83 20.46 17983 14.13
1069 2005958 71 19.06 18000 -7.78
1070 2006353 78 19.92 18017 -9.39
1071 2009304 76 19.69 18034 14.13
1072 2010021 211 35.96 18051 24.44
1073 2010215 67 18.51 18068 -4.24
1074 2010672 224 38.29 18085 19.61
1075 2015451 83 20.46 18102 22.94
1076 2017070 135 24.92 18122 22.19
1077 2017718 99 21.91 18139 6.72
1078 2021897 255 43.96 18156 52.48
1079 2024075 60 17.43 18173 14.13
1080 2024193 83 20.46 18190 -6.49
1081 2025352 359 69.86 18207 54.09
1082 2027320 112 22.94 18224 23.15
1083 2027624 96 21.67 18241 1.24
1084 2029477 63 17.91 18258 9.30
1085 2031625 83 20.46 18275 14.13
1086 2033237 184 31.36 18292 28.31
1087 2033292 62 17.75 18309 -6.82
1088 2033981 63 17.91 18326 -7.46
1089 2034797 51 15.86 18343 -7.14
1090 2037295 204 34.73 18360 34.76
1091 2042575 112 22.94 18380 29.92
1092 2045407 63 17.91 18397 15.74
1093 2045642 78 19.92 18414 -6.49
1094 2045815 103 22.23 18431 -9.39
1095 2046074 120 23.58 18448 -6.49
1096 2049576 112 22.94 18465 23.15
1097 2052838 83 20.46 18482 19.61
1098 2055308 56 16.76 18499 11.88
1099 2059425 112 22.94 18516 26.70
1100 2059896 63 17.91 18533 -1.02
1101 2061993 110 22.78 18550 16.71
1102 2065624 255 43.96 18567 50.55
1103 2067500 142 25.64 18584 27.34
1104 2068878 135 24.92 18601 20.90
1105 2069556 120 23.58 18621 9.40
1106 2069965 88 20.96 18638 -2.63
1107 2074169 56 16.76 18654 16.71
1108 2078653 96 21.67 18671 24.44
1109 2078962 92 21.32 18688 0.92
1110 2079362 120 23.58 18704 0.92
1111 2081999 179 30.55 18721 32.18
1112 2085103 73 19.32 18738 19.61
1113 2089022 271 46.93 18755 54.09
1114 2089927 152 26.78 18772 24.44
1115 2093835 152 26.78 18789 32.18
1116 2095667 76 19.69 18806 14.13
1117 2097398 193 32.84 18823 31.21
1118 2099241 70 18.93 18840 11.88
1119 2102454 76 19.69 18860 17.35
1120 2104025 60 17.43 18876 6.72
1121 2104049 224 38.29 18893 13.81
1122 2106339 108 22.63 18910 19.61
1123 2107088 120 23.58 18927 10.59
1124 2109842 127 24.18 18944 24.44
1125 2111667 147 26.19 18961 24.44
1126 2113064 352 66.89 18978 60.86
1127 2113213 167 28.76 18995 24.44
1128 2114035 67 18.51 19011 2.53
1129 2115093 124 23.92 19028 11.88
1130 2115818 227 38.83 19045 27.34
1131 2117232 120 23.58 19062 17.35
1132 2117891 56 16.76 19079 -2.84
1133 2119401 67 18.51 19096 3.82
1134 2119813 56 16.76 19116 -9.39
1135 2121169 67 18.51 19133 2.53
1136 2122905 184 31.36 19150 27.56
1137 2123593 60 17.43 19167 0.92
1138 2125319 147 26.19 19184 22.19
1139 2127424 115 23.18 19201 19.61
1140 2127553 67 18.51 19218 -7.78
1141 2127833 327 59.28 19235 34.76
1142 2129177 88 20.96 19252 12.63
1143 2130295 199 33.86 19269 27.34
1144 2132745 63 17.91 19286 14.13
1145 2133666 399 87.30 19303 63.44
1146 2135813 295 51.75 19320 57.96
1147 2136225 51 15.86 19337 6.29
1148 2137125 134 24.82 19357 11.88
1149 2138801 51 15.86 19374 6.07
1150 2140492 131 24.54 19391 19.61
1151 2142956 73 19.32 19408 14.13
1152 2143492 70 18.93 19425 -2.63
1153 2145871 62 17.75 19442 10.59
1154 2147982 67 18.51 19459 11.88
1155 2148694 152 26.78 19476 14.13
1156 2151386 99 21.91 19493 19.61
1157 2152697 62 17.75 19510 6.07
1158 2154333 92 21.32 19527 11.88
1159 2154861 67 18.51 19544 -3.92
1160 2155617 62 17.75 19561 -6.49
1161 2155990 275 47.73 19578 27.34
1162 2156650 319 57.64 19595 47.97
1163 2159267 71 19.06 19615 18.00
1164 2159881 70 18.93 19632 -1.02
1165 2161046 280 48.67 19649 40.23
1166 2161744 60 17.43 19666 3.82
1167 2164034 126 24.09 19683 22.19
1168 2164139 103 22.23 19700 -1.02
1169 2166336 71 19.06 19716 11.88
1170 2169493 403 88.99 19733 77.62
1171 2170314 97 21.75 19750 22.19
1172 2171040 131 24.54 19767 12.63
1173 2173267 94 21.50 19784 16.71
1174 2173969 176 30.09 19801 19.61
1175 2175461 126 24.09 19818 18.00
1176 2177531 71 19.06 19835 12.20
1177 2181848 112 22.94 19859 27.34
1178 2182556 115 23.18 19876 11.88
1179 2183601 88 20.96 19893 6.72
1180 2193320 207 35.26 19910 48.08
1181 2194948 167 28.76 19927 30.03
1182 2196192 88 20.96 19944 11.88
1183 2196788 172 29.49 19961 15.74
1184 2196958 126 24.09 19978 1.46
1185 2200233 198 33.69 19995 37.33
1186 2200876 225 38.48 20012 32.18
1187 2201745 56 16.76 20029 2.53
1188 2203343 167 28.76 20046 24.44
1189 2204497 312 55.68 20063 50.55
1190 2204833 147 26.19 20080 19.61
1191 2205190 216 36.85 20097 22.19
1192 2205319 220 37.58 20117 20.90
1193 2205927 115 23.18 20134 9.30
1194 2205977 62 17.75 20151 -13.91
1195 2207029 67 18.51 20168 -1.02
1196 2209873 112 22.94 20185 21.76
1197 2216206 216 36.85 20202 47.97
1198 2217140 199 33.86 20219 32.18
1199 2217609 97 21.75 20236 6.72
1200 2217694 353 67.64 20253 40.23
1201 2218466 96 21.67 20270 11.88
1202 2222767 88 20.96 20287 22.19
1203 2222982 83 20.46 20304 -2.63
1204 2223907 142 25.64 20321 11.88
1205 2226014 224 38.29 20338 37.98
1206 2228589 231 39.55 20358 45.07
1207 2232999 110 22.78 20375 27.67
1208 2236675 204 34.73 20392 42.49
1209 2238939 63 17.91 20409 14.13
1210 2244973 83 20.46 20426 24.44
1211 2250474 81 20.25 20443 24.44
1212 2254933 49 15.48 20460 16.71
1213 2254992 79 20.03 20477 -7.78
1214 2255095 56 16.76 20494 -19.92
1215 2257329 152 26.78 20511 23.15
1216 2259570 60 17.43 20528 11.88
1217 2260618 51 15.86 20545 0.27
1218 2261244 79 20.03 20562 -3.27
1219 2263350 120 23.58 20579 19.61
1220 2263837 51 15.86 20596 -4.88
1221 2264161 263 45.37 20615 24.44
1222 2264669 108 22.63 20632 6.72
1223 2264882 216 36.85 20648 16.39
1224 2265771 81 20.25 20665 3.82
1225 2267376 60 17.43 20681 3.82
1226 2270398 240 41.21 20698 45.07
1227 2271464 51 15.86 20715 6.72
1228 2274080 67 18.51 20732 13.49
1229 2274609 193 32.84 20749 19.61
1230 2278621 220 37.58 20765 45.07
1231 2278784 56 16.76 20782 -0.91
1232 2279165 83 20.46 20799 -6.82
1233 2279329 216 36.85 20816 10.59
1234 2279870 79 20.03 20832 -2.63
1235 2286601 359 69.86 20852 75.90
1236 2289830 76 19.69 20868 22.72
1237 2290118 76 19.69 20885 -2.63
1238 2290804 56 16.76 20901 -7.78
1239 2292280 96 21.67 20918 9.30
1240 2295884 176 30.09 20935 34.76
1241 2299685 79 20.03 20952 22.19
1242 2299917 71 19.06 20969 -3.92
1243 2301354 88 20.96 20986 7.47
1244 2302157 124 23.92 21003 9.30
1245 2303408 56 16.76 21020 2.10
1246 2303876 332 61.17 21037 41.52
1247 2304187 60 17.43 21054 0.92
1248 2309210 163 28.20 21071 36.37
1249 2310620 56 16.76 21088 9.30
1250 2311419 240 41.21 21108 29.92
1251 2312328 108 22.63 21125 11.88
1252 2312359 71 19.06 21142 -11.33
1253 2313317 318 57.28 21159 42.49
1254 2315842 56 16.76 21176 14.13
1255 2325336 127 24.18 21193 34.76
1256 2325525 161 27.93 21210 15.74
1257 2333461 115 23.18 21227 31.86
1258 2333632 280 48.67 21244 34.76
1259 2338287 92 21.32 21261 24.44
1260 2338394 236 40.44 21278 24.44
1261 2341204 79 20.03 21295 17.35
1262 2342391 110 22.78 21312 12.41
1263 2343158 120 23.58 21329 9.30
1264 2344056 103 22.23 21349 6.72
1265 2344825 115 23.18 21365 6.72
1266 2346133 216 36.85 21382 29.92
1267 2347266 63 17.91 21399 6.72
1268 2347529 63 17.91 21416 -11.22
1269 2348822 176 30.09 21433 20.90
1270 2349858 56 16.76 21450 1.24
1271 2350871 220 37.58 21467 27.34
1272 2351367 63 17.91 21484 -1.02
1273 2354939 167 28.76 21501 33.04
1274 2355344 192 32.67 21518 22.51
1275 2355641 120 23.58 21535 6.07
1276 2358490 255 43.96 21552 47.97
1277 2359724 89 21.05 21569 14.13
1278 2362163 56 16.76 21586 11.88
1279 2365698 124 23.92 21606 27.34
1280 2368503 78 19.92 21623 17.14
1281 2370330 63 17.91 21640 9.30
1282 2371620 88 20.96 21657 9.30
1283 2384398 179 30.55 21674 43.78
1284 2384976 56 16.76 21691 3.82
1285 2385292 60 17.43 21708 -11.33
1286 2385515 92 21.32 21725 -11.33
1287 2392023 115 23.18 21742 29.92
1288 2393472 99 21.91 21759 15.74
1289 2395025 131 24.54 21776 19.61
1290 2395569 243 41.74 21793 29.92
1291 2395720 115 23.18 21810 4.03
1292 2398967 302 53.30 21827 57.96
1293 2401154 140 25.42 21847 29.92
1294 2407297 248 42.69 21864 52.80
1295 2408218 127 24.18 21881 22.19
1296 2410225 62 17.75 21898 10.59
1297 2411763 56 16.76 21915 4.03
1298 2417281 199 33.86 21932 43.35
1299 2420915 76 19.69 21949 20.90
1300 2422389 60 17.43 21966 6.72
1301 2422653 60 17.43 21983 -11.33
1302 2429779 184 31.36 22000 42.49
1303 2430713 240 41.21 22017 38.41
1304 2436946 96 21.67 22034 27.67
1305 2437130 143 25.74 22051 9.30
1306 2437272 88 20.96 22068 -7.78
1307 2442858 88 20.96 22085 24.44
1308 2451390 71 19.06 22105 24.44
1309 2453279 51 15.86 22122 9.30
1310 2453754 80 20.14 22139 -3.27
1311 2454313 143 25.74 22156 6.72
1312 2455111 103 22.23 22173 3.82
1313 2455217 103 22.23 22190 -6.82
1314 2455318 63 17.91 22207 -18.74
1315 2455511 176 30.09 22224 -1.02
1316 2458345 92 21.32 22241 18.00
1317 2461411 73 19.32 22258 16.71
1318 2461686 51 15.86 22275 -9.07
1319 2461994 216 36.85 22292 12.84
1320 2462272 79 20.03 22309 -6.49
1321 2464077 241 41.39 22325 37.33
1322 2467773 319 57.64 22345 64.40
1323 2468404 127 24.18 22362 22.19
1324 2473000 88 20.96 22379 24.34
1325 2473343 115 23.18 22396 6.72
1326 2474015 96 21.67 22413 1.67
1327 2475692 243 41.74 22430 37.33
1328 2476095 126 24.09 22447 11.88
1329 2478624 192 32.67 22464 34.43
1330 2481279 103 22.23 22481 22.19
1331 2482717 81 20.25 22498 10.59
1332 2482934 145 25.96 22515 3.82
1333 2483714 287 50.23 22532 37.33
1334 2483996 131 24.54 22549 11.88
1335 2484165 60 17.43 22566 -11.33
1336 2486130 62 17.75 22583 6.72
1337 2486321 204 34.73 22603 12.84
1338 2491271 103 22.23 22619 27.34
1339 2491504 51 15.86 22636 -6.49
1340 2493857 67 18.51 22652 10.59
1341 2497270 134 24.82 22669 27.88
1342 2499425 56 16.76 22686 11.88
1343 2502619 135 24.92 22703 27.34
1344 2503088 67 18.51 22720 0.27
1345 2505232 76 19.69 22737 11.88
1346 2507359 108 22.63 22754 17.57
1347 2511713 67 18.51 22771 19.61
1348 2513420 103 22.23 22788 16.39
1349 2515402 316 56.81 22805 55.38
1350 2520447 113 23.02 22822 29.92
1351 2521642 60 17.43 22842 6.72
1352 2523892 76 19.69 22858 12.84
1353 2523974 83 20.46 22875 -8.86
1354 2525237 67 18.51 22892 1.24
1355 2525695 318 57.28 22909 37.55
1356 2526687 92 21.32 22926 11.88
1357 2527870 188 32.01 22943 24.44
1358 2529504 97 21.75 22960 14.13
1359 2530263 79 20.03 22977 1.67
1360 2533789 71 19.06 22993 16.71
1361 2536540 167 28.76 23010 31.86
1362 2536859 179 30.55 23027 19.61
1363 2539579 231 39.55 23043 43.56
1364 2539847 275 47.73 23060 40.23
1365 2540020 312 55.68 23077 45.07
1366 2540258 78 19.92 23097 3.82
1367 2542677 159 27.66 23114 27.67
1368 2544674 152 26.78 23131 27.34
1369 2544743 198 33.69 23152 16.71
1370 2546289 57 16.93 23169 6.72
1371 2546777 334 61.44 23186 42.49
1372 2548686 280 48.67 23203 51.84
1373 2550187 134 24.82 23220 24.44
1374 2550246 99 21.91 23237 -1.02
1375 2551233 113 23.02 23253 7.26
1376 2551402 263 45.37 23270 24.44
1377 2554226 79 20.03 23287 18.00
1378 2556861 62 17.75 23304 12.84
1379 2557728 135 24.92 23321 12.63
1380 2558097 71 19.06 23341 -4.88
1381 2558352 88 20.96 23358 -10.04
1382 2559577 62 17.75 23375 -1.02
1383 2560353 103 22.23 23392 2.53
1384 2562010 56 16.76 23409 3.82
1385 2564574 103 22.23 23426 19.61
1386 2565298 79 20.03 23443 2.53
1387 2566383 284 49.41 23459 40.23
1388 2567953 142 25.64 23476 24.44
1389 2568462 83 20.46 23493 1.67
1390 2568885 120 23.58 23510 0.92
1391 2569209 94 21.50 23527 -6.49
1392 2570368 88 20.96 23544 3.82
1393 2572680 70 18.93 23561 11.88
1394 2572931 81 20.25 23578 -6.49
1395 2573074 220 37.58 23598 11.45
1396 2576272 67 18.51 23615 16.39
1397 2584073 79 20.03 23632 26.05
1398 2586898 135 24.92 23649 27.56
1399 2587179 166 28.62 23666 14.13
1400 2587473 56 16.76 23683 -9.39
1401 2588355 188 32.01 23700 16.71
1402 2591943 224 38.29 23716 44.75
1403 2591983 71 19.06 23733 1.24
1404 2592342 152 26.78 23750 6.07
1405 2593261 67 18.51 23767 -1.02
1406 2593713 79 20.03 23784 -6.49
1407 2596254 56 16.76 23801 9.30
1408 2596411 319 57.64 23818 36.37
1409 2596686 159 27.66 23838 16.60
1410 2599487 94 21.50 23855 19.61
1411 2600134 63 17.91 23872 -1.02
1412 2600863 76 19.69 23889 -2.84
1413 2602260 56 16.76 23906 1.24
1414 2602485 192 32.67 23923 9.30
1415 2603092 96 21.67 23940 1.24
1416 2603922 120 23.58 23957 6.93
1417 2604884 60 17.43 23974 -1.02
1418 2606802 96 21.67 23991 12.84
1419 2608585 67 18.51 24008 9.30
1420 2611752 56 16.76 24025 14.13
1421 2613474 65 18.22 24042 9.30
1422 2615800 417 95.20 24059 76.01
1423 2617583 248 42.69 24076 50.55
1424 2618804 94 21.50 24096 16.71
1425 2619178 103 22.23 24113 1.24
1426 2619812 96 21.67 24129 -1.02
1427 2620998 67 18.51 24146 1.24
1428 2625497 102 22.15 24163 24.44
1429 2634861 71 19.06 24180 24.44
1430 2636353 67 18.51 24197 9.30
1431 2638029 56 16.76 24214 6.72
1432 2640875 63 17.91 24231 13.92
1433 2648185 103 22.23 24248 29.92
1434 2649817 63 17.91 24265 10.59
1435 2651877 102 22.15 24282 16.71
1436 2654090 67 18.51 24299 11.88
1437 2654656 115 23.18 24316 5.43
1438 2656965 120 23.58 24336 20.90
1439 2665029 71 19.06 24353 24.44
1440 2666675 56 16.76 24370 7.69
1441 2666864 76 19.69 24387 -9.07
1442 2667246 287 50.23 24404 29.92
1443 2667463 65 18.22 24421 -3.49
1444 2670400 60 17.43 24438 11.88
1445 2672308 88 20.96 24455 12.41
1446 2672694 167 28.76 24472 11.88
1447 2673024 280 48.67 24489 32.18
1448 2673994 126 24.09 24506 15.74
1449 2674312 423 97.36 24523 60.86
1450 2676553 120 23.58 24540 27.34
1451 2676741 176 30.09 24557 14.13
1452 2678054 207 35.26 24574 29.92
1453 2678537 49 15.48 24594 -3.06
1454 2684916 112 22.94 24610 29.92
1455 2689450 99 21.91 24627 26.05
1456 2690712 71 19.06 24644 9.30
1457 2690976 81 20.25 24661 -6.49
1458 2691491 174 29.79 24678 9.30
1459 2691867 79 20.03 24694 -4.24
1460 2697005 60 17.43 24710 19.61
1461 2697780 112 22.94 24727 9.30
1462 2698378 335 61.77 24744 45.07
1463 2705313 243 41.74 24761 54.09
1464 2706872 120 23.58 24778 24.12
1465 2707464 83 20.46 24795 3.71
1466 2709486 135 24.92 24811 22.19
1467 2711661 127 24.18 24831 22.19
1468 2713282 207 35.26 24847 32.61
1469 2716059 145 25.96 24864 29.92
1470 2717331 51 15.86 24881 5.43
1471 2717377 300 52.79 24898 28.10
1472 2718042 188 32.01 24915 23.15
1473 2720009 78 19.92 24931 12.84
1474 2721845 51 15.86 24948 6.72
1475 2722561 96 21.67 24965 1.46
1476 2722737 263 45.37 24981 23.15
1477 2730223 103 22.23 24998 29.92
1478 2732497 103 22.23 25015 20.90
1479 2737904 56 16.76 25032 19.61
1480 2738080 56 16.76 25049 -9.07
1481 2738614 79 20.03 25066 -7.78
1482 2739485 140 25.42 25085 9.30
1483 2741008 156 27.28 25102 22.19
1484 2741382 67 18.51 25119 -3.49
1485 2742352 135 24.92 25136 10.59
1486 2744100 51 15.86 25153 5.43
1487 2744927 102 22.15 25170 3.82
1488 2747178 124 23.92 25187 20.90
1489 2747608 88 20.96 25204 0.92
1490 2747654 81 20.25 25220 -13.91
1491 2748503 352 66.89 25237 47.97
1492 2749238 135 24.92 25254 19.61
1493 2752298 120 23.58 25271 24.44
1494 2752898 56 16.76 25288 -1.02
1495 2753241 184 31.36 25305 9.30
1496 2756660 51 15.86 25325 14.02
1497 2758346 78 19.92 25342 10.59
1498 2758710 56 16.76 25359 -9.07
1499 2758798 88 20.96 25376 -16.81
1500 2760129 51 15.86 25393 -1.02
1501 2760842 56 16.76 25410 -6.82
1502 2761765 79 20.03 25427 -1.02
1503 2761803 112 22.94 25443 -9.39
1504 2762443 83 20.46 25460 -4.88
1505 2765025 112 22.94 25477 19.61
1506 2765876 99 21.91 25494 7.69
1507 2766082 67 18.51 25511 -10.04
1508 2767508 289 50.47 25528 42.49
1509 2771970 71 19.06 25545 22.19
1510 2773933 65 18.22 25562 11.88
1511 2774759 56 16.76 25582 -1.02
1512 2779345 96 21.67 25599 24.44
1513 2780678 112 22.94 25616 15.74
1514 2781786 408 90.57 25633 65.69
1515 2781935 76 19.69 25650 10.59
1516 2782679 67 18.51 25667 -1.02
1517 2783380 76 19.69 25684 -3.92
1518 2785168 88 20.96 25701 10.59
1519 2786671 67 18.51 25718 6.72
1520 2789023 167 28.76 25735 28.31
1521 2789927 71 19.06 25752 3.82
1522 2790344 143 25.74 25769 6.07
1523 2794492 211 35.96 25786 42.49
1524 2798338 92 21.32 25803 24.44
1525 2798864 140 25.42 25823 11.88
1526 2801213 359 69.86 25840 65.69
1527 2802477 78 19.92 25857 16.71
1528 2803155 96 21.67 25874 3.82
1529 2803268 199 33.86 25891 9.40
1530 2807295 135 24.92 25908 29.92
1531 2808727 96 21.67 25925 14.13
1532 2810787 89 21.05 25942 14.13
1533 2813039 60 17.43 25959 10.59
1534 2813803 318 57.28 25976 45.07
1535 2813822 291 50.97 25993 41.52
1536 2815399 255 43.96 26010 45.07
1537 2818859 63 17.91 26027 19.61
1538 2819154 115 23.18 26044 3.82
1539 2821159 124 23.92 26061 19.61
1540 2826626 56 16.76 26081 19.61
1541 2827563 161 27.93 26098 19.61
1542 2828736 63 17.91 26115 3.82
1543 2833789 51 15.86 26132 18.00
1544 2836347 60 17.43 26149 11.88
1545 2836861 60 17.43 26166 -6.49
1546 2838396 131 24.54 26183 16.39
1547 2839059 83 20.46 26200 1.46
1548 2842236 70 18.93 26217 15.74
1549 2842665 76 19.69 26234 -2.63
1550 2843097 88 20.96 26251 -6.49
1551 2844261 81 20.25 26268 2.53
1552 2844771 99 21.91 26285 -1.02
1553 2846984 163 28.20 26301 27.34
1554 2847224 147 26.19 26318 11.88
1555 2847675 96 21.67 26332 0.27
1556 2850294 67 18.51 26348 12.41
1557 2852126 177 30.25 26365 28.31
1558 2852811 62 17.75 26382 0.92
1559 2853791 60 17.43 26399 -2.63
1560 2855207 56 16.76 26416 1.24
1561 2856748 120 23.58 26433 14.13
1562 2860583 51 15.86 26454 15.74
1563 2861776 268 46.26 26471 40.23
1564 2864203 227 38.83 26488 43.78
1565 2864531 368 72.93 26505 57.96
1566 2871528 79 20.03 26522 27.34
1567 2872092 152 26.78 26539 15.74
1568 2872707 51 15.86 26556 -4.24
1569 2877385 120 23.58 26575 28.31
1570 2879207 79 20.03 26592 12.84
1571 2879792 135 24.92 26609 9.30
1572 2879885 192 32.67 26626 10.59
1573 2881555 115 23.18 26643 16.71
1574 2883259 304 53.73 26660 51.84
1575 2884207 316 56.81 26677 54.09
1576 2888862 78 19.92 26694 24.44
1577 2890341 81 20.25 26711 11.88
1578 2890669 127 24.18 26728 3.82
1579 2898159 112 22.94 26745 31.21
1580 2900833 143 25.74 26762 29.92
1581 2902553 192 32.67 26779 32.18
1582 2904684 103 22.23 26796 19.61
1583 2905013 140 25.42 26816 9.30
1584 2905314 127 24.18 26832 2.53
1585 2907353 63 17.91 26849 9.30
1586 2907849 255 43.96 26866 29.92
1587 2908243 270 46.71 26882 34.76
1588 2909377 192 32.67 26899 29.92
1589 2909815 295 51.75 26916 41.52
1590 2910159 227 38.83 26933 31.21
1591 2910959 216 36.85 26950 29.92
1592 2912874 120 23.58 26966 20.90
1593 2913533 344 64.67 26983 50.55
1594 2915328 120 23.58 26999 23.15
1595 2915883 108 22.63 27016 6.72
1596 2916458 51 15.86 27032 -7.78
1597 2919242 88 20.96 27049 16.71
1598 2919264 63 17.91 27069 -11.33
1599 2922602 70 18.93 27086 14.13
1600 2922633 71 19.06 27103 -10.04
1601 2926884 63 17.91 27120 16.71
1602 2927541 255 43.96 27137 32.18
1603 2927654 76 19.69 27154 -1.02
1604 2930370 142 25.64 27171 24.44
1605 2934336 60 17.43 27188 17.35
1606 2935361 92 21.32 27205 7.69
1607 2937606 56 16.76 27222 9.30
1608 2940713 252 43.42 27239 47.97
1609 2940781 99 21.91 27256 7.69
1610 2941042 65 18.22 27273 -9.39
1611 2941084 384 80.08 27290 37.98
1612 2941483 76 19.69 27310 3.82
1613 2942311 49 15.48 27327 -4.88
1614 2943388 51 15.86 27344 -3.49
1615 2948203 199 33.86 27361 42.49
1616 2959006 56 16.76 27378 24.12
1617 2959081 51 15.86 27395 -9.39
1618 2959911 67 18.51 27412 -3.92
1619 2962534 188 32.01 27429 32.18
1620 2964535 358 69.10 27446 65.69
1621 2965198 56 16.76 27463 10.59
1622 2965229 243 41.74 27480 19.61
1623 2966584 252 43.42 27497 40.23
1624 2966926 78 19.92 27514 3.82
1625 2968696 143 25.74 27531 21.97
1626 2969093 174 29.79 27548 15.74
1627 2969499 63 17.91 27568 -6.49
1628 2970647 51 15.86 27585 -2.63
1629 2971455 112 22.94 27602 3.82
1630 2977277 79 20.03 27619 24.34
1631 2977870 176 30.09 27636 19.61
1632 2979458 76 19.69 27653 9.30
1633 2981282 67 18.51 27670 9.30
1634 2983767 152 26.78 27687 27.34
1635 2983912 102 22.15 27704 1.24
1636 2984354 192 32.67 27720 13.81
1637 2984674 88 20.96 27737 -3.27
1638 2986547 120 23.58 27753 16.71
1639 2988238 103 22.23 27770 14.13
1640 2990677 67 18.51 27787 12.84
1641 2991840 120 23.58 27807 12.20
1642 2992044 83 20.46 27824 -6.49
1643 2992179 112 22.94 27841 -9.07
1644 2994931 108 22.63 27858 19.61
1645 3000109 206 35.07 27875 45.07
1646 3001235 112 22.94 27892 17.78
1647 3001417 99 21.91 27909 -1.02
1648 3001882 339 62.98 27926 41.52
1649 3001959 192 32.67 27943 22.19
1650 3002372 339 62.98 27960 47.97
1651 3002540 120 23.58 27977 11.88
1652 3003054 124 23.92 27994 6.07
1653 3003191 207 35.26 28011 12.84
1654 3005816 63 17.91 28028 12.84
1655 3006016 99 21.91 28045 -3.27
1656 3006055 83 20.46 28064 -16.81
1657 3009330 126 24.09 28081 24.44
1658 3012908 83 20.46 28098 20.90
1659 3013932 67 18.51 28115 3.82
1660 3018267 172 29.49 28132 37.01
1661 3019335 193 32.84 28149 29.92
1662 3021960 92 21.32 28166 19.61
1663 3025247 103 22.23 28183 23.15
1664 3025357 81 20.25 28200 -3.92
1665 3025458 79 20.03 28217 -13.91
1666 3026160 238 40.82 28234 22.40
1667 3026289 49 15.48 28251 -9.39
1668 3027007 231 39.55 28268 23.15
1669 3027653 96 21.67 28285 3.82
1670 3027791 176 30.09 28305 6.72
1671 3029488 81 20.25 28322 9.30
1672 3030654 56 16.76 28339 0.92
1673 3032631 199 33.86 28356 31.86
1674 3035092 188 32.01 28373 34.76
1675 3035213 79 20.03 28390 0.27
1676 3040512 166 28.62 28406 37.33
1677 3040848 115 23.18 28423 9.40
1678 3041091 92 21.32 28440 -4.24
1679 3043477 103 22.23 28457 17.14
1680 3046277 79 20.03 28474 16.71
1681 3046955 206 35.07 28491 23.15
1682 3047275 255 43.96 28508 29.92
1683 3048042 70 18.93 28525 3.82
1684 3060294 127 24.18 28542 36.37
1685 3061194 56 16.76 28562 3.82
1686 3063647 51 15.86 28579 9.30
1687 3065754 78 19.92 28596 11.88
1688 3066285 211 35.96 28613 22.19
1689 3067148 254 43.77 28629 34.76
1690 3071061 51 15.86 28646 16.71
1691 3075445 179 30.55 28663 38.62
1692 3075933 110 22.78 28680 10.59
1693 3076606 312 55.68 28696 42.17
1694 3078486 88 20.96 28712 16.71
1695 3079117 159 27.66 28729 14.13
1696 3079286 97 21.75 28745 -3.92
1697 3079392 60 17.43 28761 -18.85
1698 3081900 179 30.55 28778 29.92
1699 3082664 71 19.06 28798 3.82
1700 3083752 184 31.36 28814 22.19
1701 3084927 51 15.86 28831 2.53
1702 3085201 97 21.75 28848 -6.49
1703 3085955 83 20.46 28864 -2.63
1704 3086098 305 53.88 28881 28.31
1705 3086848 359 69.86 28898 55.38
1706 3087518 83 20.46 28914 11.88
1707 3089480 121 23.66 28931 19.61
1708 3090181 56 16.76 28948 -1.02
1709 3090791 76 19.69 28965 -4.24
1710 3091153 88 20.96 28981 -9.07
1711 3092161 112 22.94 28997 6.07
1712 3092308 176 30.09 29014 6.83
1713 3094460 51 15.86 29030 7.26
1714 3094481 337 62.30 29050 34.76
1715 3095377 92 21.32 29067 9.30
1716 3096017 70 18.93 29083 -2.84
1717 3098651 60 17.43 29100 10.59
1718 3100460 65 18.22 29117 9.30
1719 3101326 231 39.55 29134 29.92
1720 3102577 254 43.77 29151 40.23
1721 3104136 167 28.76 29168 29.92
1722 3104867 78 19.92 29185 3.82
1723 3105281 71 19.06 29202 -7.78
1724 3107622 286 49.78 29219 48.94
1725 3108735 63 17.91 29236 10.59
1726 3113245 476 129.76 29253 94.59
1727 3114446 120 23.58 29270 29.92
1728 3117740 97 21.75 29290 22.94
1729 3117776 103 22.23 29307 -1.02
1730 3118993 79 20.03 29324 3.82
1731 3122948 312 55.68 29341 62.15
1732 3126803 248 42.69 29358 52.80
1733 3126996 60 17.43 29375 3.82
1734 3128701 48 15.29 29392 3.82
1735 3132725 56 16.76 29409 16.39
1736 3133623 96 21.67 29426 6.72
1737 3133653 179 30.55 29443 5.64
1738 3133932 319 57.64 29460 37.33
1739 3136577 79 20.03 29477 18.00
1740 3137011 174 29.79 29494 14.13
1741 3138562 143 25.74 29511 20.90
1742 3143416 376 76.43 29528 76.01
1743 3144427 143 25.74 29548 29.92
1744 3146079 108 22.63 29565 16.71
1745 3148028 145 25.96 29582 24.44
1746 3152397 280 48.67 29599 57.64
1747 3158765 67 18.51 29616 24.44
1748 3162421 240 41.21 29633 48.72
1749 3162888 96 21.67 29650 11.88
1750 3164234 120 23.58 29667 14.13
1751 3165725 143 25.74 29684 20.90
1752 3167138 63 17.91 29701 6.72
1753 3167600 67 18.51 29718 -6.49
1754 3167803 88 20.96 29739 -11.33
1755 3168487 131 24.54 29756 3.82
1756 3171190 291 50.97 29773 52.80
1757 3171678 88 20.96 29793 11.88
1758 3172712 79 20.03 29809 3.82
1759 3173268 60 17.43 29826 -7.78
1760 3177081 56 16.76 29843 14.13
1761 3178219 67 18.51 29860 3.82
1762 3178640 102 22.15 29877 -2.63
1763 3179385 127 24.18 29894 6.07
1764 3182973 184 31.36 29911 37.01
1765 3184311 81 20.25 29928 11.88
1766 3184659 344 64.67 29945 45.07
1767 3188034 60 17.43 29962 16.92
1768 3194311 174 29.79 29979 40.23
1769 3196734 92 21.32 29996 19.61
1770 3196776 280 48.67 30013 29.92
1771 3197681 152 26.78 30030 19.61
1772 3197938 81 20.25 30050 -3.92
1773 3198109 131 24.54 30067 -3.92
1774 3200617 56 16.76 30084 9.30
1775 3200805 56 16.76 30101 -12.94
1776 3202996 92 21.32 30118 12.63
1777 3203467 364 71.71 30135 50.55
1778 3206004 192 32.67 30152 37.76
1779 3206410 127 24.18 30169 12.84
1780 3208366 71 19.06 30186 10.80
1781 3208581 143 25.74 30203 3.82
1782 3209483 92 21.32 30220 2.53
1783 3210979 206 35.07 30236 29.92
1784 3211543 71 19.06 30253 1.46
1785 3211815 110 22.78 30270 -3.92
1786 3213192 120 23.58 30290 11.88
1787 3213410 92 21.32 30307 -4.24
1788 3213497 60 17.43 30324 -19.06
1789 3213565 88 20.96 30341 -19.71
1790 3214575 243 41.74 30358 27.34
1791 3214683 65 18.22 30375 -6.49
1792 3216510 73 19.32 30392 7.69
1793 3216928 99 21.91 30409 -1.02
1794 3218748 71 19.06 30426 7.69
1795 3218925 147 26.19 30443 3.82
1796 3220058 63 17.91 30460 0.92
1797 3225930 204 34.73 30477 45.07
1798 3230538 238 40.82 30494 50.55
1799 3231005 159 27.66 30511 22.40
1800 3233092 63 17.91 30528 11.88
1801 3233186 60 17.43 30548 -12.94
1802 3234937 63 17.91 30565 3.82
1803 3235141 88 20.96 30582 -9.07
1804 3235339 231 39.55 30598 14.02
1805 3235889 284 49.41 30615 34.76
1806 3238880 192 32.67 30632 38.19
1807 3239429 88 20.96 30649 6.93
1808 3240169 207 35.26 30665 22.19
1809 3241664 92 21.32 30681 12.09
1810 3241972 231 39.55 30698 22.19
1811 3243769 140 25.42 30715 22.19
1812 3246417 159 27.66 30732 29.92
1813 3246538 270 46.71 30749 32.18
1814 3248316 96 21.67 30766 16.71
1815 3248820 71 19.06 30786 -2.63
1816 3249520 145 25.96 30802 9.30
1817 3252141 184 31.36 30819 32.18
1818 3255011 108 22.63 30836 23.15
1819 3258626 49 15.48 30853 14.13
1820 3258646 71 19.06 30870 -11.33
1821 3259865 305 53.88 30887 43.78
1822 3261068 231 39.55 30904 38.62
1823 3265402 83 20.46 30921 23.15
1824 3272636 124 23.92 30938 32.18
1825 3274132 92 21.32 30955 14.13
1826 3275291 415 95.00 30972 68.59
1827 3276484 207 35.26 30989 40.23
1828 3277120 167 28.76 31006 22.19
1829 3277725 408 90.57 31022 63.44
1830 3281388 127 24.18 31041 31.21
1831 3282184 110 22.78 31058 11.88
1832 3286220 240 41.21 31075 48.29
1833 3292058 97 21.75 31092 28.31
1834 3295525 268 46.26 31109 52.80
1835 3296255 88 20.96 31126 12.84
1836 3299173 60 17.43 31143 12.63
1837 3299854 129 24.35 31160 9.30
1838 3302218 88 20.96 31177 14.13
1839 3302302 270 46.71 31194 26.70
1840 3302394 56 16.76 31211 -7.78
1841 3302599 352 66.89 31228 34.76
1842 3303609 99 21.91 31245 14.13
1843 3305960 96 21.67 31262 16.71
1844 3306194 103 22.23 31282 0.27
1845 3308873 65 18.22 31298 11.88
1846 3310390 78 19.92 31315 7.69
1847 3310617 120 23.58 31332 -1.02
1848 3311582 115 23.18 31349 6.72
1849 3314433 176 30.09 31366 32.18
1850 3314851 56 16.76 31383 -1.02
1851 3314933 131 24.54 31400 -4.88
1852 3315136 167 28.76 31417 2.53
1853 3316413 51 15.86 31434 -0.91
1854 3318813 176 30.09 31451 29.92
1855 3320035 79 20.03 31468 9.30
1856 3321568 49 15.48 31485 3.82
1857 3322505 167 28.76 31502 16.71
1858 3322879 126 24.09 31519 3.82
1859 3328243 131 24.54 31539 32.18
1860 3328293 263 45.37 31556 31.21
1861 3331413 60 17.43 31573 16.39
1862 3331523 79 20.03 31590 -6.82
1863 3335170 96 21.67 31607 22.19
1864 3335390 399 87.30 31624 55.38
1865 3335764 254 43.77 31641 40.23
1866 3337005 207 35.26 31658 34.54
1867 3337296 156 27.28 31675 14.13
1868 3338430 51 15.86 31692 0.92
1869 3342160 99 21.91 31709 22.51
1870 3342785 174 29.79 31726 19.61
1871 3343220 65 18.22 31743 -3.92
1872 3344530 56 16.76 31760 0.27
1873 3344834 112 22.94 31780 -3.92
1874 3346912 184 31.36 31797 29.92
1875 3347520 167 28.76 31814 19.61
1876 3348194 344 64.67 31831 50.55
1877 3348699 344 64.67 31848 57.64
1878 3349172 63 17.91 31865 7.69
1879 3349581 344 64.67 31882 44.75
1880 3351795 120 23.58 31899 24.44
1881 3353910 126 24.09 31916 22.19
1882 3358181 76 19.69 31933 20.90
1883 3358740 94 21.50 31950 3.82
1884 3359726 99 21.91 31966 6.07
1885 3359821 231 39.55 31983 16.71
1886 3359896 51 15.86 32000 -12.94
1887 3361537 71 19.06 32020 3.82
1888 3368291 174 29.79 32037 40.23
1889 3368597 105 22.39 32054 9.30
1890 3370464 81 20.25 32071 12.41
1891 3371257 152 26.78 32088 11.88
1892 3372744 339 62.98 32105 58.60
1893 3373278 184 31.36 32122 26.48
1894 3373636 103 22.23 32139 3.82
1895 3373925 65 18.22 32156 -11.22
1896 3374430 284 49.41 32173 28.31
1897 3378858 174 29.79 32190 37.33
1898 3380368 127 24.18 32207 19.61
1899 3381696 319 57.64 32224 50.55
1900 3381797 63 17.91 32241 2.53
1901 3382660 48 15.29 32258 -6.49
1902 3382693 76 19.69 32278 -18.53
1903 3385125 56 16.76 32295 6.72
1904 3385521 103 22.23 32312 -1.02
1905 3391445 78 19.92 32328 22.19
1906 3392090 305 53.88 32345 43.78
1907 3392423 71 19.06 32362 3.82
1908 3396739 71 19.06 32379 20.90
1909 3397968 63 17.91 32396 6.07
1910 3400153 238 40.82 32413 40.23
1911 3400913 199 33.86 32430 29.92
1912 3403541 56 16.76 32447 14.13
1913 3406169 371 73.82 32464 69.35
1914 3407051 192 32.67 32481 34.76
1915 3407817 255 43.96 32498 37.76
1916 3408565 57 16.93 32526 3.82
1917 3412151 103 22.23 32543 23.15
1918 3418833 142 25.64 32560 34.76
1919 3420623 76 19.69 32577 11.88
1920 3421053 103 22.23 32594 1.24
1921 3421885 152 26.78 32610 11.88
1922 3422893 174 29.79 32627 19.72
1923 3422975 88 20.96 32644 -4.88
1924 3423252 63 17.91 32660 -13.91
1925 3425688 88 20.96 32677 16.71
1926 3425830 334 61.44 32694 40.23
1927 3427171 408 90.57 32710 69.56
1928 3427679 62 17.75 32727 9.30
1929 3428842 63 17.91 32744 3.82
