##########################################################################################
### Pulsi_number Aeg[ms] ADC[0-1023] SiPM[mV] Surnud_aeg[ms] Temperatuur[C]
##########################################################################################
Olen Master nimega Sassu
1 596 48 15.29 0 20.90
2 1085 48 15.29 17 20.90
3 1151 51 15.86 37 20.90
4 1744 67 18.51 57 20.90
5 1851 88 20.96 77 20.90
6 2024 159 27.66 97 20.90
7 2154 103 22.23 117 20.90
8 2216 49 15.48 137 20.90
9 2503 188 32.01 157 20.90
10 3356 49 15.48 181 20.90
11 3502 163 28.20 201 20.90
12 3971 67 18.51 221 20.90
13 4277 49 15.48 241 21.11
14 5068 48 15.29 294 20.90
15 5157 408 90.57 314 20.90
16 5506 56 16.76 334 21.33
17 5582 88 20.96 354 20.90
18 5921 48 15.29 374 21.54
19 6057 67 18.51 394 21.11
20 6274 51 15.86 414 20.90
21 6706 192 32.67 434 20.90
22 7122 216 36.85 454 21.54
23 8394 63 17.91 474 21.54
24 8419 49 15.48 494 21.33
25 8645 51 15.86 514 21.54
26 8764 51 15.86 534 20.90
27 9249 51 15.86 554 20.90
28 9585 384 80.08 578 21.33
29 9909 543 164.77 598 21.11
30 10112 49 15.48 618 20.90
31 10281 51 15.86 638 20.90
32 10770 120 23.58 658 21.33
