##########################################################################################
### Pulsi_number Aeg[ms] ADC[0-1023] SiPM[mV] Surnud_aeg[ms] Temperatuur[C]
##########################################################################################
Olen Slave nimega Sassu
1 7820 56 16.76 7450 -29.48
2 133833 56 16.76 130359 -31.95
3 142467 56 16.76 138465 -31.95
4 143709 56 16.76 139144 -33.56
5 155023 56 16.76 149077 -33.56
6 158773 56 16.76 152655 -33.56
7 184953 56 16.76 176829 -34.32
8 201980 56 16.76 191034 -33.99
9 202400 49 15.48 191414 -33.67
10 228858 56 16.76 215966 -33.56
11 251640 56 16.76 236707 -33.56
12 298288 56 16.76 279912 -33.56
13 303863 56 16.76 285000 -33.99
14 317260 56 16.76 296182 -34.32
15 321957 56 16.76 299906 -34.21
16 334239 56 16.76 309291 -34.53
17 337750 56 16.76 311936 -33.56
18 339613 54 16.41 313314 -33.56
19 341597 56 16.76 314740 -34.53
20 353106 51 15.86 323065 -34.53
21 358260 56 16.76 326622 -34.32
22 359537 51 15.86 327514 -33.67
23 361164 56 16.76 328638 -34.32
24 363108 51 15.86 329953 -34.53
25 367110 51 15.86 332610 -33.67
26 368521 56 16.76 333338 -34.21
27 370008 56 16.76 334063 -31.95
28 373010 56 16.76 335626 -33.03
29 373815 51 15.86 336074 -34.53
30 378948 51 15.86 338748 -33.67
31 389737 51 15.86 343409 -34.53
32 391481 51 15.86 344039 -33.67
33 392936 54 16.41 344534 -34.53
34 393082 51 15.86 344594 -34.53
35 395485 54 16.41 345300 -34.53
36 396650 51 15.86 345608 -34.53
37 400148 51 15.86 346570 -34.53
38 400328 49 15.48 346626 -34.53
39 400802 51 15.86 346749 -34.53
40 403074 51 15.86 347242 -34.53
41 403282 51 15.86 347369 -34.53
42 408235 51 15.86 349198 -34.53
43 409071 51 15.86 349448 -34.53
44 409294 51 15.86 349520 -33.67
45 409507 54 16.41 349590 -33.67
46 410638 51 15.86 349960 -34.53
47 410783 51 15.86 350010 -34.53
48 412789 49 15.48 350474 -34.53
49 413661 51 15.86 350659 -34.53
50 414389 51 15.86 350831 -33.67
51 414468 49 15.48 350859 -34.53
52 414752 56 16.76 350923 -34.42
53 416648 51 15.86 351208 -34.53
54 417047 51 15.86 351289 -34.53
55 417449 49 15.48 351390 -34.53
56 418325 51 15.86 351511 -34.53
57 418690 49 15.48 351573 -34.53
58 420913 49 15.48 351893 -34.53
59 421528 51 15.86 351994 -34.53
60 426227 49 15.48 352560 -34.53
61 426521 49 15.48 352608 -34.53
62 429652 51 15.86 352915 -34.53
63 430307 49 15.48 352975 -34.53
64 430817 49 15.48 353033 -34.53
65 432638 51 15.86 353238 -34.53
66 433367 49 15.48 353320 -34.53
67 434898 49 15.48 353498 -34.53
68 435298 49 15.48 353547 -34.53
69 435807 49 15.48 353605 -34.53
70 436244 49 15.48 353659 -34.53
71 437482 49 15.48 353774 -34.53
72 437885 49 15.48 353873 -34.53
73 438137 51 15.86 353904 -33.67
74 438758 49 15.48 353978 -34.53
75 438830 49 15.48 353999 -34.53
76 445640 51 15.86 354481 -34.53
77 446297 49 15.48 354545 -34.53
78 447134 49 15.48 354604 -34.53
79 449757 51 15.86 354796 -33.67
80 452598 51 15.86 354994 -34.53
81 453035 49 15.48 355033 -33.67
82 453401 49 15.48 355072 -34.53
83 457843 51 15.86 355294 -34.53
84 457955 49 15.48 355318 -34.53
85 459519 49 15.48 355410 -34.53
86 461706 51 15.86 355506 -34.53
87 462433 48 15.29 355549 -34.53
88 462980 49 15.48 355582 -34.53
89 463890 51 15.86 355625 -34.53
90 464071 49 15.48 355647 -34.53
91 466876 49 15.48 355732 -34.53
92 467714 49 15.48 355765 -33.67
93 468116 49 15.48 355787 -34.53
94 468773 49 15.48 355812 -34.53
95 470483 49 15.48 355862 -34.53
96 470883 49 15.48 355888 -34.53
97 471577 49 15.48 355917 -34.53
98 471612 49 15.48 355933 -34.53
99 472012 49 15.48 355957 -34.53
100 473032 49 15.48 356032 -34.53
101 474489 49 15.48 356065 -34.53
102 474672 49 15.48 356081 -34.53
103 475947 49 15.48 356107 -34.53
104 476130 49 15.48 356125 -34.53
105 476492 49 15.48 356148 -34.53
106 476857 51 15.86 356171 -34.53
107 477367 49 15.48 356192 -34.53
108 477767 49 15.48 356211 -34.53
109 478059 49 15.48 356229 -33.67
110 479079 49 15.48 356255 -34.53
111 480536 49 15.48 356284 -34.53
112 485999 49 15.48 356324 -34.53
113 486328 49 15.48 356341 -34.53
114 486546 51 15.86 356360 -34.53
115 486727 51 15.86 356377 -34.53
116 487785 79 20.03 356400 -29.70
117 488079 49 15.48 356418 -34.53
118 493397 49 15.48 356448 -34.53
119 494052 51 15.86 356468 -34.53
120 494924 49 15.48 356490 -34.53
121 495907 49 15.48 356506 -34.53
122 496054 49 15.48 356525 -34.53
123 498057 48 15.29 356552 -34.53
124 499514 49 15.48 356573 -34.53
125 500025 48 15.29 356593 -34.53
126 501262 49 15.48 356611 -34.53
127 503521 49 15.48 356633 -34.53
128 503921 49 15.48 356652 -34.53
129 504978 48 15.29 356672 -33.67
130 506035 51 15.86 356695 -34.53
131 506289 48 15.29 356711 -34.53
132 509021 49 15.48 356733 -34.53
133 509677 48 15.29 356753 -33.67
134 512481 48 15.29 356775 -34.53
135 513065 48 15.29 356840 -34.53
136 522206 49 15.48 356867 -34.53
137 522425 49 15.48 356883 -34.53
138 522826 49 15.48 356900 -34.53
139 523263 49 15.48 356917 -34.53
140 524828 49 15.48 356935 -34.53
141 527234 48 15.29 356954 -34.53
142 529565 49 15.48 356973 -34.53
143 531497 48 15.29 356992 -33.67
144 532550 48 15.29 357008 -34.53
145 533864 48 15.29 357024 -34.64
146 534373 48 15.29 357041 -34.53
147 535647 49 15.48 357057 -34.53
148 536630 48 15.29 357074 -34.75
149 538816 48 15.29 357093 -34.53
150 541002 51 15.86 357110 -34.53
151 545045 49 15.48 357131 -34.53
152 547011 49 15.48 357153 -34.53
153 547705 49 15.48 357184 -34.53
154 547739 51 15.86 357202 -29.05
155 549998 49 15.48 357219 -16.81
156 551819 49 15.48 357237 -34.53
157 554333 51 15.86 357260 -33.67
158 554442 49 15.48 357276 -34.53
159 556263 48 15.29 357342 -34.53
160 556519 48 15.29 357358 -34.53
161 557357 49 15.48 357375 -34.53
162 559505 48 15.29 357392 -34.53
163 560415 48 15.29 357408 -33.67
164 564568 48 15.29 357429 -33.67
165 570032 49 15.48 357448 -34.53
166 571270 49 15.48 357464 -34.53
167 575351 48 15.29 357484 -34.53
168 577833 49 15.48 357500 -34.53
169 579546 49 15.48 357516 -34.53
170 580963 48 15.29 357532 -35.18
171 585662 48 15.29 357550 -35.18
172 589669 49 15.48 357570 -34.53
173 599868 48 15.29 357589 -33.67
174 601944 49 15.48 357607 -34.53
175 603327 48 15.29 357623 -35.07
176 605550 48 15.29 357642 -34.53
177 612397 49 15.48 357665 -34.53
178 616076 49 15.48 357686 -34.53
179 616841 48 15.29 357702 -34.10
180 617825 49 15.48 357720 -33.67
181 618079 48 15.29 357736 -34.53
182 622596 48 15.29 357753 -33.67
183 628205 48 15.29 357776 -35.07
184 635162 48 15.29 357795 -35.18
185 642886 48 15.29 357816 -27.33
186 643105 97 21.75 357833 -23.25
187 651048 48 15.29 357857 -34.53
188 652177 48 15.29 357874 -34.85
189 652687 48 15.29 357890 -35.18
190 659717 48 15.29 357910 -34.53
191 666966 49 15.48 357930 -34.21
192 694501 48 15.29 357957 -35.18
193 701532 48 15.29 357976 -35.18
194 716502 48 15.29 358003 -33.67
195 721309 48 15.29 358021 -34.85
196 727939 48 15.29 358044 -33.67
197 732273 49 15.48 358064 -29.91
198 748228 48 15.29 358143 -34.53
199 805961 49 15.48 358190 -18.31
200 816693 78 19.92 358210 -27.12
201 870167 73 19.32 358262 -29.70
202 989117 48 15.29 358332 -28.41
203 1082846 230 39.39 358398 48.94
204 1111915 48 15.29 358438 -4.88
205 1173133 71 19.06 358483 -29.80
206 1185274 62 17.75 358502 -30.02
207 1218258 67 18.51 358538 -30.02
208 1218378 76 19.69 358554 -27.23
209 1219089 79 20.03 358570 -27.12
210 1227078 73 19.32 358591 -29.48
211 1229766 76 19.69 358607 -29.70
212 1275482 67 18.51 358642 -29.70
213 1275879 70 18.93 358658 -27.33
214 1284427 63 17.91 358675 -30.02
215 1284626 62 17.75 358692 -31.95
216 1284704 56 16.76 358711 -31.95
217 1285850 63 17.91 358727 -30.66
218 1286127 63 17.91 358792 -30.66
219 1358460 63 17.91 358840 7.69
220 1417662 65 18.22 358884 -30.23
221 1417704 63 17.91 358900 -30.02
222 1417907 65 18.22 358916 -30.02
223 1418105 71 19.06 358932 -29.48
224 1418267 71 19.06 358948 -28.41
225 1418743 67 18.51 358964 -29.70
226 1427287 67 18.51 358986 -27.23
227 1427531 60 17.43 359002 -31.95
228 1428326 62 17.75 359018 -31.31
229 1428566 71 19.06 359034 -27.12
230 1430306 63 17.91 359054 -25.51
231 1430426 67 18.51 359070 -28.41
232 1453564 70 18.93 359096 -29.70
233 1454201 67 18.51 359112 -29.70
234 1454284 65 18.22 359128 -30.66
235 1456382 71 19.06 359145 -29.70
236 1456778 56 16.76 359161 -31.85
237 1458681 76 19.69 359179 -4.24
238 1459198 56 16.76 359195 -33.56
239 1459234 63 17.91 359211 -30.66
240 1462837 63 17.91 359229 -30.02
241 1463036 63 17.91 359245 -32.17
242 1473288 60 17.43 359262 -31.85
243 1475148 49 15.48 359281 -31.95
244 1475435 56 16.76 359300 -31.95
245 1475551 51 15.86 359316 -31.95
246 1475634 63 17.91 359332 -30.02
247 1489514 255 43.96 359359 24.44
248 1517484 63 17.91 359387 -30.66
249 1517960 56 16.76 359403 -30.99
250 1518357 63 17.91 359419 -30.66
251 1519465 63 17.91 359435 -23.25
252 1519625 319 57.64 359451 24.44
253 1519940 63 17.91 359467 -29.70
254 1520060 65 18.22 359483 -30.02
255 1523782 62 17.75 359500 -31.95
256 1524102 63 17.91 359516 -31.85
257 1524337 56 16.76 359533 -31.95
258 1526240 63 17.91 359552 -30.66
259 1527275 63 17.91 359568 -31.85
260 1528341 63 17.91 359584 -20.35
261 1528941 63 17.91 359649 -28.41
262 1535194 51 15.86 359667 -34.32
263 1535434 60 17.43 359683 -33.56
264 1537296 62 17.75 359701 -31.85
265 1557874 56 16.76 359728 -32.17
266 1560133 63 17.91 359744 -30.02
267 1560211 62 17.75 359760 -30.66
268 1560373 48 15.29 359776 -33.56
269 1566123 60 17.43 359794 -31.95
270 1566880 48 15.29 359810 -34.53
271 1568500 51 15.86 359828 -31.95
272 1571233 199 33.86 359844 16.71
273 1576301 198 33.69 359866 34.76
274 1587348 65 18.22 359888 -29.91
275 1587426 70 18.93 359904 -29.70
276 1587588 63 17.91 359920 -30.66
277 1587667 63 17.91 359985 -30.02
278 1587708 63 17.91 360001 -29.91
279 1588027 67 18.51 360017 -29.70
280 1588188 67 18.51 360033 -29.70
281 1588309 67 18.51 360049 -29.91
282 1596861 49 15.48 360067 -33.56
283 1597424 63 17.91 360083 -28.41
284 1597503 56 16.76 360099 -31.95
285 1597545 63 17.91 360115 -31.95
286 1634028 60 17.43 360145 -31.95
287 1634066 63 17.91 360164 -31.95
288 1634305 56 16.76 360180 -31.95
289 1634347 63 17.91 360196 -31.95
290 1634430 63 17.91 360212 -29.80
291 1634466 56 16.76 360228 -31.95
292 1634508 62 17.75 360244 -31.95
293 1634711 63 17.91 360260 -30.66
294 1636649 220 37.58 360276 0.92
295 1644211 63 17.91 360295 -31.95
296 1644252 65 18.22 360311 -30.02
297 1644289 62 17.75 360327 -30.66
298 1644612 57 16.93 360343 -31.95
299 1644853 67 18.51 360359 -29.91
300 1647144 49 15.48 360375 -31.95
301 1658820 415 95.00 360399 81.48
302 1679394 216 36.85 360421 17.57
303 1710813 166 28.62 360445 20.47
304 1715503 216 36.85 360463 24.44
305 1719856 147 26.19 360480 -14.55
306 1720082 51 15.86 360496 -34.53
307 1720406 56 16.76 360512 -34.53
308 1722358 63 17.91 360529 -27.44
309 1722456 60 17.43 360545 -30.66
310 1722539 63 17.91 360561 -30.02
311 1727430 63 17.91 360581 -29.70
312 1727628 60 17.43 360597 -31.95
313 1727670 65 18.22 360613 -31.95
314 1727909 60 17.43 360630 -31.95
315 1727951 60 17.43 360649 -32.17
316 1728191 65 18.22 360665 -29.80
317 1728270 60 17.43 360681 -31.95
318 1728390 60 17.43 360698 -28.41
319 1730173 56 16.76 360715 -31.95
320 1749920 60 17.43 360735 -10.04
321 1749962 60 17.43 360751 -31.95
322 1750365 62 17.75 360767 -31.95
323 1750447 56 16.76 360783 -31.95
324 1750609 62 17.75 360848 -31.95
325 1750687 62 17.75 360864 -31.95
326 1750849 62 17.75 360880 -31.42
327 1750886 60 17.43 360896 -31.95
328 1752996 67 18.51 360912 -21.64
329 1757504 63 17.91 360929 -6.71
330 1757877 60 17.43 360943 -29.70
331 1758080 63 17.91 360959 -29.70
332 1758107 60 17.43 360975 -31.95
333 1758145 63 17.91 360991 -30.99
334 1758186 60 17.43 361007 -30.66
335 1758237 60 17.43 361023 -30.02
336 1758311 60 17.43 361039 -31.95
337 1758477 60 17.43 361103 -31.85
338 1758510 63 17.91 361119 -31.95
339 1758551 60 17.43 361135 -33.56
340 1758703 51 15.86 361152 -6.49
341 1758754 56 16.76 361168 -34.53
342 1759945 63 17.91 361184 -23.47
343 1771519 63 17.91 361207 -30.02
344 1771726 62 17.75 361227 -29.70
345 1771759 56 16.76 361243 -31.95
346 1771879 63 17.91 361259 -31.74
347 1771921 60 17.43 361275 -31.95
348 1772041 63 17.91 361291 -30.66
349 1772078 60 17.43 361307 -31.95
350 1772401 62 17.75 361323 -31.95
351 1772442 63 17.91 361339 -31.85
352 1772479 63 17.91 361355 -31.95
353 1772720 63 17.91 361371 -30.02
354 1773953 67 18.51 361387 -24.54
355 1774867 63 17.91 361403 -21.64
356 1774987 60 17.43 361419 -25.51
357 1782696 67 18.51 361436 -27.12
358 1782903 54 16.41 361455 -31.95
359 1783065 60 17.43 361471 -31.95
360 1783106 62 17.75 361487 -31.95
361 1783310 71 19.06 361503 -29.70
362 1783347 65 18.22 361519 -30.66
363 1783509 67 18.51 361536 -29.80
364 1783628 63 17.91 361552 -30.66
365 1785669 67 18.51 361571 -29.80
366 1785710 70 18.93 361587 -30.02
367 1785830 67 18.51 361604 -29.70
368 1790442 415 95.00 361622 62.90
369 1791539 71 19.06 361640 -15.20
370 1791737 60 17.43 361656 -31.95
371 1792014 56 16.76 361672 -31.95
372 1792301 60 17.43 361691 -31.74
373 1792540 65 18.22 361707 -27.23
374 1793913 302 53.30 361724 18.96
375 1794790 70 18.93 361741 -29.70
376 1798346 240 41.21 361758 37.33
377 1802266 248 42.69 361775 19.61
378 1829794 412 92.93 361798 52.80
379 1834964 97 21.75 361815 -18.31
380 1835028 70 18.93 361834 -29.27
381 1835245 96 21.67 361853 -20.35
382 1835268 94 21.50 361869 -21.64
383 1835471 94 21.50 361898 -24.65
384 1835564 88 20.96 361914 -21.64
385 1835591 56 16.76 361930 -24.54
386 1835670 71 19.06 361949 -27.12
387 1837221 102 22.15 362017 -19.06
388 1837688 96 21.67 362034 -1.02
389 1838256 96 21.67 362050 -21.64
390 1838339 108 22.63 362066 -18.85
391 1838377 57 16.93 362082 -23.90
392 1838458 108 22.63 362098 -19.71
393 1843958 67 18.51 362116 -29.70
394 1844236 88 20.96 362132 -24.86
395 1844361 88 20.96 362148 -25.08
396 1844439 71 19.06 362214 -29.70
397 1844532 79 20.03 362230 -24.86
398 1844559 76 19.69 362246 -25.51
399 1844600 97 21.75 362262 -21.64
400 1844684 88 20.96 362280 -24.86
401 1844841 103 22.23 362299 -19.06
402 1844882 96 21.67 362316 -21.64
403 1844924 73 19.32 362335 -28.41
404 1846366 96 21.67 362353 -21.64
405 1846490 92 21.32 362369 -19.06
406 1846892 96 21.67 362385 -13.91
407 1846933 88 20.96 362401 -19.06
408 1849533 263 45.37 362418 24.44
409 1853381 291 50.97 362434 46.36
410 1854954 188 32.01 362452 29.92
411 1864939 76 19.69 362471 11.88
412 1894136 423 97.36 362495 71.17
413 1895538 359 69.86 362513 40.66
414 1904063 220 37.58 362531 20.90
415 1907650 408 90.57 362551 79.55
416 1907962 263 45.37 362567 50.55
417 1908365 248 42.69 362583 37.33
418 1912642 335 61.77 362602 63.44
419 1919690 255 43.96 362622 23.15
420 1922520 312 55.68 362639 55.38
421 1925169 337 62.30 362657 37.33
422 1938746 88 20.96 362677 -1.02
423 1938885 71 19.06 362693 -14.12
424 1939176 97 21.75 362709 -21.64
425 1939255 96 21.67 362725 -23.25
426 1939489 96 21.67 362741 -21.64
427 1939551 97 21.75 362758 -21.64
428 1939634 96 21.67 362774 -21.64
429 1939851 56 16.76 362794 -24.65
430 1939914 88 20.96 362811 -24.33
431 1940195 252 43.42 362827 13.92
432 1941481 88 20.96 362844 -21.64
433 1941600 88 20.96 362860 -24.86
434 1948971 88 20.96 362879 -25.51
435 1949012 99 21.91 362895 -24.11
436 1949183 71 19.06 362911 -24.43
437 1949293 67 18.51 362927 -24.86
438 1949330 88 20.96 362943 -27.12
439 1949373 99 21.91 362959 -21.64
440 1949414 56 16.76 362975 -24.54
441 1949696 96 21.67 362991 -21.64
442 1949931 83 20.46 363007 -21.64
443 1949977 71 19.06 363026 -24.76
444 1950014 88 20.96 363042 -23.47
445 1951113 63 17.91 363059 -10.04
446 1951732 96 21.67 363075 -19.06
447 1952115 94 21.50 363091 -13.91
448 1952259 99 21.91 363107 -18.96
449 1965272 268 46.26 363128 28.20
450 1967656 220 37.58 363194 32.18
451 1970064 255 43.96 363210 29.92
452 1976806 188 32.01 363230 35.62
453 1983281 448 112.41 363247 76.01
454 1985006 280 48.67 363265 47.32
455 1988854 323 58.48 363331 37.98
456 1989337 248 42.69 363347 32.18
457 1991963 344 64.67 363363 64.19
458 1992668 481 129.57 363377 91.15
459 1998841 92 21.32 363393 -18.96
460 1998919 63 17.91 363409 -29.48
461 1999164 80 20.14 363425 -25.29
462 1999285 88 20.96 363441 -27.12
463 1999442 92 21.32 363457 -21.64
464 1999484 76 19.69 363473 -28.41
465 1999728 83 20.46 363490 -26.90
466 2001405 83 20.46 363506 -21.64
467 2004674 156 27.28 363523 29.92
468 2006532 88 20.96 363539 3.50
469 2006775 71 19.06 363556 -21.64
470 2006905 81 20.25 363572 -20.35
471 2006988 76 19.69 363588 -28.41
472 2007048 81 20.25 363607 -24.86
473 2007109 63 17.91 363623 -27.12
474 2007192 96 21.67 363639 -21.64
475 2007229 88 20.96 363655 -24.22
476 2007270 96 21.67 363671 -21.64
477 2008475 99 21.91 363690 -16.91
478 2008937 99 21.91 363706 -19.06
479 2009353 88 20.96 363723 -24.11
480 2009390 76 19.69 363740 -28.41
481 2009750 76 19.69 363756 -21.64
482 2009829 71 19.06 363772 -24.54
483 2009892 88 20.96 363788 -24.54
484 2011338 99 21.91 363804 -19.06
485 2011837 96 21.67 363820 -19.92
486 2011999 97 21.75 363839 -19.71
487 2012093 248 42.69 363855 11.88
488 2012470 88 20.96 363871 -20.35
489 2016614 334 61.44 363889 68.59
490 2018270 271 46.93 363907 38.19
491 2026745 240 41.21 363926 38.30
492 2032356 56 16.76 363944 14.99
493 2049336 304 53.73 363967 53.55
494 2061211 480 130.21 363986 99.96
495 2065651 353 67.64 364002 48.83
496 2070524 88 20.96 364018 -9.18
497 2070876 103 22.23 364042 -19.06
498 2071032 99 21.91 364060 -21.64
499 2071106 94 21.50 364079 -21.64
500 2071148 96 21.67 364098 -19.71
501 2071286 79 20.03 364114 -23.25
502 2071351 99 21.91 364130 -21.64
503 2071392 94 21.50 364147 -21.64
504 2071623 81 20.25 364164 -21.64
505 2071673 94 21.50 364183 -21.64
506 2072294 304 53.73 364200 29.92
507 2072763 67 18.51 364217 2.53
508 2073267 94 21.50 364233 -19.06
509 2073876 110 22.78 364249 -18.31
510 2079114 335 61.77 364267 43.35
511 2086254 451 113.08 364285 69.56
512 2086873 348 65.64 364301 64.40
513 2090825 113 23.02 364366 31.21
514 2093790 300 52.79 364434 51.30
515 2101035 319 57.64 364452 83.63
516 2105118 387 81.05 364471 64.19
517 2106326 419 97.20 364488 79.34
518 2111479 700 294.28 364505 127.57
519 2112036 231 39.55 364521 28.31
520 2112361 319 57.64 364537 45.07
521 2112732 224 38.29 364553 31.96
522 2115915 368 72.93 364569 64.08
523 2117688 280 48.67 364585 29.92
524 2118347 403 88.99 364601 57.96
525 2124442 295 51.75 364621 52.59
526 2125653 323 58.48 364637 43.78
527 2126618 135 24.92 364653 19.61
528 2129256 88 20.96 364669 6.72
529 2137016 159 27.66 364689 20.90
530 2138282 312 55.68 364705 47.97
531 2140088 179 30.55 364722 10.37
532 2140654 271 46.93 364738 24.12
533 2143543 216 36.85 364756 16.71
534 2145453 188 32.01 364772 22.19
535 2156991 227 38.83 364793 32.18
536 2158669 376 76.43 364810 64.19
537 2160094 216 36.85 364827 40.23
538 2163183 207 35.26 364846 23.15
539 2175434 220 37.58 364868 28.31
540 2177432 268 46.26 364884 26.70
541 2179326 63 17.91 364900 10.16
542 2183148 254 43.77 364916 37.33
543 2183608 262 45.24 364935 36.37
544 2184693 359 69.86 364951 61.83
545 2191800 231 39.55 364969 52.80
546 2192408 127 24.18 364985 19.61
547 2195760 263 45.37 365002 50.65
548 2201571 675 317.99 365020 124.67
549 2202763 241 41.39 365036 41.52
550 2209771 316 56.81 365053 57.64
551 2214735 216 36.85 365069 25.41
552 2218843 355 68.30 365089 63.44
553 2219159 216 36.85 365105 22.19
554 2219446 448 112.41 365121 65.69
555 2224054 231 39.55 365138 32.18
556 2230508 113 23.02 365154 6.72
557 2235522 78 19.92 365176 -8.64
558 2237644 103 22.23 365192 10.59
559 2239956 76 19.69 365208 1.03
560 2241134 71 19.06 365224 -1.02
561 2241321 271 46.93 365240 24.44
562 2244051 327 59.28 365256 42.38
563 2256972 177 30.25 365278 25.52
564 2259114 184 31.36 365296 35.62
565 2262289 176 30.09 365313 19.61
566 2266663 448 112.41 365331 95.13
567 2276960 110 22.78 365348 10.26
568 2280086 231 39.55 365365 44.85
569 2281420 287 50.23 365381 29.92
570 2293739 353 67.64 365398 46.04
571 2294102 248 42.69 365417 34.76
572 2304421 263 45.37 365433 37.12
573 2306486 252 43.42 365500 37.33
574 2307395 238 40.82 365516 34.76
575 2307442 312 55.68 365532 42.49
576 2313369 275 47.73 365597 32.82
577 2318819 142 25.64 365615 22.94
578 2319201 262 45.24 365631 31.86
579 2327145 899 1139.40 365647 171.72
580 2328337 243 41.74 365663 78.37
581 2329217 476 129.76 365679 95.13
582 2333689 270 46.71 365695 63.44
583 2336628 284 49.41 365711 41.74
584 2342957 327 59.28 365729 55.38
585 2343223 216 36.85 365748 32.18
586 2344682 259 44.69 365764 42.49
587 2345892 184 31.36 365780 24.44
588 2349928 262 45.24 365797 45.07
589 2360420 332 61.17 365816 44.75
590 2365259 248 42.69 365832 47.97
591 2369020 364 71.71 365849 56.24
592 2369554 78 19.92 365865 -1.02
593 2369745 295 51.75 365881 29.92
594 2369779 78 19.92 365897 -3.92
595 2369960 71 19.06 365913 -27.12
596 2370042 83 20.46 365929 -25.51
597 2370116 83 20.46 365945 -24.22
598 2370204 51 15.86 365961 -28.41
599 2370296 63 17.91 365977 -28.41
600 2370324 79 20.03 365996 -27.44
601 2370365 78 19.92 366012 -28.09
602 2370499 76 19.69 366028 -24.54
603 2370527 71 19.06 366044 -27.12
604 2370569 88 20.96 366060 -27.12
605 2370740 79 20.03 366076 -24.11
606 2370762 81 20.25 366092 -27.12
607 2370800 63 17.91 366108 -29.48
608 2370997 295 51.75 366124 19.61
609 2371356 225 38.48 366140 24.44
610 2371763 60 17.43 366157 -16.81
611 2371840 70 18.93 366173 -22.71
612 2371899 81 20.25 366189 -23.25
613 2372020 79 20.03 366205 -21.64
614 2372398 88 20.96 366224 -16.81
615 2372800 92 21.32 366240 -16.81
616 2372841 83 20.46 366256 -20.35
617 2372920 83 20.46 366272 -21.64
618 2396949 179 30.55 366292 27.45
619 2398557 172 29.49 366308 6.72
620 2408011 112 22.94 366325 -0.26
621 2411120 263 45.37 366344 35.51
622 2414435 78 19.92 366360 -5.63
623 2425178 124 23.92 366378 6.72
624 2425546 216 36.85 366394 18.54
625 2425724 195 33.17 366410 14.13
626 2427421 195 33.17 366427 3.82
627 2445604 143 25.74 366448 34.76
628 2445782 275 47.73 366467 37.01
629 2445798 327 59.28 366483 46.68
630 2449578 252 43.42 366500 47.32
631 2458091 184 31.36 366518 44.75
632 2460123 167 28.76 366582 31.21
633 2462339 259 44.69 366599 41.52
634 2464814 225 38.48 366615 27.34
635 2466677 280 48.67 366631 35.62
636 2475813 224 38.29 366650 32.18
637 2478279 254 43.77 366666 38.19
638 2482228 76 19.69 366684 3.82
639 2486820 359 69.86 366750 60.86
640 2488996 192 32.67 366766 39.59
641 2489165 195 33.17 366782 22.72
642 2509256 243 41.74 366808 36.37
643 2513352 240 41.21 366830 45.07
644 2517389 271 46.93 366846 30.67
645 2521386 319 57.64 366864 50.55
646 2521798 286 49.78 366880 46.04
647 2526832 255 43.96 366897 21.65
648 2540268 387 81.05 366918 47.97
649 2540805 305 53.88 366934 50.55
650 2547151 225 38.48 366952 37.12
651 2549021 231 39.55 366969 34.76
652 2550832 241 41.39 366985 31.21
653 2552043 313 56.02 367001 40.23
654 2553231 270 46.71 367017 44.75
655 2553316 240 41.21 367033 33.04
656 2556799 319 57.64 367049 55.38
657 2566293 216 36.85 367068 46.68
658 2568293 289 50.47 367084 55.06
659 2576261 312 55.68 367102 57.64
660 2583890 71 19.06 367121 19.61
661 2585909 318 57.28 367138 47.97
662 2588353 163 28.20 367154 32.18
663 2597220 248 42.69 367174 43.35
664 2597298 415 95.00 367190 65.69
665 2597839 353 67.64 367206 64.19
666 2599519 545 167.38 367223 115.97
667 2600122 206 35.07 367239 53.66
668 2602498 316 56.81 367255 53.66
669 2604925 384 80.08 367271 68.59
670 2615269 312 55.68 367290 47.97
671 2616292 113 23.02 367309 16.71
672 2621822 236 40.44 367327 41.52
673 2628172 248 42.69 367343 56.99
674 2635157 368 72.93 367360 46.04
675 2640375 352 66.89 367378 69.45
676 2648395 280 48.67 367398 55.38
677 2652343 79 20.03 367414 -27.44
678 2652385 88 20.96 367430 -24.11
679 2652440 83 20.46 367446 -23.47
680 2652542 51 15.86 367462 -27.12
681 2652759 83 20.46 367478 -21.64
682 2653086 88 20.96 367494 -24.11
683 2653165 60 17.43 367510 -31.85
684 2653298 79 20.03 367526 -24.86
685 2653363 79 20.03 367545 -28.09
686 2653401 79 20.03 367561 -24.65
687 2653442 71 19.06 367577 -29.70
688 2653659 83 20.46 367593 -21.64
689 2654499 88 20.96 367609 -7.78
690 2654989 71 19.06 367625 -24.86
691 2655123 79 20.03 367689 -24.33
692 2655243 78 19.92 367706 -13.80
693 2655442 76 19.69 367722 -25.08
694 2655482 71 19.06 367738 -27.12
695 2655631 70 18.93 367754 -29.70
696 2657455 527 155.96 367770 86.32
697 2659839 222 37.96 367787 27.34
698 2659959 79 20.03 367803 -3.92
699 2660369 88 20.96 367822 -25.08
700 2660406 83 20.46 367838 -24.65
701 2660503 71 19.06 367854 -28.62
702 2660715 88 20.96 367918 -21.64
703 2661015 76 19.69 367934 -28.41
704 2661070 92 21.32 367950 -23.90
705 2661149 56 16.76 367966 -31.95
706 2661265 81 20.25 367982 -25.51
707 2661330 88 20.96 367998 -24.33
708 2661366 71 19.06 368014 -28.41
709 2661408 65 18.22 368030 -29.70
710 2662465 71 19.06 368047 -9.18
711 2662868 79 20.03 368063 -11.33
712 2662987 56 16.76 368079 -20.35
713 2663108 63 17.91 368095 -24.33
714 2663607 71 19.06 368114 -21.64
715 2663629 88 20.96 368130 -23.25
716 2668803 83 20.46 368146 19.61
717 2669028 88 20.96 368162 -3.70
718 2669236 71 19.06 368178 -29.48
719 2669370 79 20.03 368194 -24.86
720 2669398 81 20.25 368210 -27.23
721 2669476 79 20.03 368226 -25.08
722 2669559 79 20.03 368242 -27.44
723 2669596 88 20.96 368258 -24.54
724 2669712 63 17.91 368274 -28.41
725 2669735 92 21.32 368290 -24.54
726 2669777 60 17.43 368306 -28.62
727 2669813 79 20.03 368323 -27.44
728 2669961 92 21.32 368342 -21.64
729 2670058 71 19.06 368358 -29.70
730 2670931 83 20.46 368374 -13.91
731 2671050 63 17.91 368390 -27.12
732 2671092 79 20.03 368406 -27.12
733 2671157 71 19.06 368422 -28.84
734 2671249 71 19.06 368438 -27.33
735 2671290 71 19.06 368454 -27.44
736 2671332 79 20.03 368470 -26.90
737 2671411 71 19.06 368486 -27.12
738 2671452 76 19.69 368502 -27.12
739 2671489 76 19.69 368518 -27.12
740 2671531 56 16.76 368534 -28.84
741 2671641 71 19.06 368550 -28.62
742 2671814 307 54.48 368569 22.19
743 2672029 83 20.46 368585 -3.92
744 2672270 83 20.46 368601 -12.40
745 2677179 262 45.24 368618 38.30
746 2680213 192 32.67 368634 27.34
747 2680852 271 46.93 368651 46.14
748 2682574 88 20.96 368667 6.72
749 2682799 83 20.46 368683 -9.07
750 2682929 92 21.32 368747 -21.53
751 2683021 88 20.96 368763 -24.86
752 2683187 60 17.43 368779 -29.48
753 2683307 67 18.51 368795 -28.41
754 2683349 88 20.96 368811 -24.54
755 2683427 79 20.03 368827 -27.44
756 2683621 65 18.22 368843 -28.41
757 2683741 83 20.46 368863 -27.12
758 2683921 92 21.32 368879 -23.47
759 2683963 92 21.32 368895 -24.54
760 2684041 60 17.43 368911 -28.62
761 2684970 79 20.03 368928 -22.71
762 2685108 71 19.06 368944 -29.70
763 2685224 419 97.20 368960 42.49
764 2685579 71 19.06 368977 4.36
765 2686017 56 16.76 369041 -27.44
766 2686059 76 19.69 369057 -27.12
767 2686137 78 19.92 369073 -27.12
768 2686177 216 36.85 369089 1.35
769 2686221 76 19.69 369105 -16.81
770 2686249 88 20.96 369121 -21.64
771 2691283 78 19.92 369140 -11.33
772 2691430 65 18.22 369156 -27.23
773 2691485 65 18.22 369172 -30.02
774 2691563 79 20.03 369188 -26.58
775 2691660 65 18.22 369204 -26.90
776 2691767 92 21.32 369220 -23.25
777 2691841 56 16.76 369236 -25.29
778 2691970 67 18.51 369252 -28.41
779 2692012 88 20.96 369268 -24.11
780 2692131 63 17.91 369284 -29.48
781 2692173 51 15.86 369300 -31.95
782 2692284 81 20.25 369316 -24.86
783 2692376 79 20.03 369332 -27.33
784 2692644 79 20.03 369348 -21.64
785 2692709 63 17.91 369367 -30.02
786 2692746 88 20.96 369383 -24.86
787 2694284 63 17.91 369399 -23.25
788 2694326 79 20.03 369415 -24.65
789 2694404 60 17.43 369431 -27.12
790 2694783 88 20.96 369447 -16.81
791 2695023 83 20.46 369463 -16.81
792 2702363 280 48.67 369483 37.33
793 2705848 263 45.37 369500 55.38
794 2707956 216 36.85 369516 43.13
795 2715019 348 65.64 369533 74.29
796 2726026 248 42.69 369552 32.18
797 2731705 56 16.76 369569 14.13
798 2733721 403 88.99 369585 71.17
799 2741796 63 17.91 369655 18.00
800 2751411 304 53.73 369674 51.30
801 2755816 240 41.21 369691 24.44
802 2757408 238 40.82 369707 12.84
803 2759477 271 46.93 369724 47.97
804 2763110 281 48.90 369740 53.55
805 2765603 71 19.06 369757 7.69
806 2767719 364 71.71 369773 51.84
807 2768206 384 80.08 369790 60.86
808 2769756 287 50.23 369806 55.38
809 2772605 408 90.57 369822 73.75
810 2777898 319 57.64 369839 50.55
811 2781594 163 28.20 369856 3.82
812 2797736 231 39.55 369876 35.62
813 2802433 243 41.74 369892 40.99
814 2808737 384 80.08 369914 57.96
815 2820436 184 31.36 369932 28.31
816 2828114 271 46.93 369948 60.86
817 2839610 263 45.37 369966 34.76
818 2840960 344 64.67 369983 53.66
819 2843004 216 36.85 369999 24.44
820 2849306 236 40.44 370015 42.38
821 2849990 70 18.93 370032 28.31
822 2850234 60 17.43 370048 -3.92
823 2850381 71 19.06 370064 -27.12
824 2850801 71 19.06 370080 -29.91
825 2850935 79 20.03 370096 -28.09
826 2851204 79 20.03 370112 -28.41
827 2851296 81 20.25 370128 -28.41
828 2852376 83 20.46 370196 -18.31
829 2852793 79 20.03 370212 -13.91
830 2852876 78 19.92 370228 -24.86
831 2852913 79 20.03 370244 -24.86
832 2852996 63 17.91 370260 -27.12
833 2853033 56 16.76 370276 -29.70
834 2853075 76 19.69 370292 -27.44
835 2853116 62 17.75 370308 -29.70
836 2853152 81 20.25 370324 -27.12
837 2853513 88 20.96 370340 -18.53
838 2858982 96 21.67 370357 16.71
839 2859217 88 20.96 370373 -6.82
840 2859368 92 21.32 370389 -21.64
841 2859557 83 20.46 370405 -23.25
842 2859585 76 19.69 370424 -27.33
843 2859747 79 20.03 370488 -27.12
844 2859909 83 20.46 370504 -24.65
845 2860001 71 19.06 370568 -29.70
846 2860158 83 20.46 370584 -23.25
847 2861349 92 21.32 370648 -19.71
848 2861918 51 15.86 370666 3.82
849 2862038 79 20.03 370730 -24.86
850 2862080 79 20.03 370746 -24.65
851 2862144 79 20.03 370809 -24.54
852 2862499 81 20.25 370825 -16.91
853 2862582 499 141.24 370889 62.15
854 2864740 455 117.03 370906 68.06
855 2872206 240 41.21 370971 28.20
856 2876588 448 112.41 370991 81.48
857 2910422 56 16.76 371017 9.40
858 2910789 60 17.43 371033 -33.24
859 2910992 56 16.76 371049 -34.42
860 2911034 56 16.76 371065 -33.78
861 2911426 63 17.91 371081 -31.95
862 2911597 63 17.91 371097 -31.95
863 2911652 56 16.76 371113 -31.95
864 2912508 60 17.43 371129 -31.95
865 2912586 60 17.43 371145 -31.95
866 2912826 56 16.76 371161 -32.17
867 2912988 60 17.43 371177 -31.95
868 2913030 60 17.43 371193 -31.85
869 2913067 60 17.43 371209 -30.66
870 2913150 54 16.41 371225 -31.95
871 2913228 60 17.43 371244 -31.95
872 2913676 56 16.76 371260 -31.74
873 2913709 60 17.43 371276 -30.99
874 2913828 60 17.43 371292 -31.95
875 2913907 60 17.43 371308 -31.95
876 2914530 56 16.76 371324 -21.64
877 2914631 56 16.76 371340 -31.95
878 2914673 56 16.76 371356 -33.56
879 2914729 63 17.91 371372 -30.66
880 2914876 62 17.75 371388 -31.95
881 2914959 56 16.76 371404 -33.56
882 2915093 63 17.91 371420 -31.95
883 2915172 56 16.76 371436 -33.56
884 2915417 63 17.91 371452 -31.95
885 2916281 248 42.69 371471 20.90
886 2916590 60 17.43 371487 -30.66
887 2916668 60 17.43 371503 -31.95
888 2916752 62 17.75 371519 -31.85
889 2916909 60 17.43 371535 -31.95
890 2917338 60 17.43 371551 -31.95
891 2917661 60 17.43 371616 -30.66
892 2928649 240 41.21 371633 52.80
893 2930657 236 40.44 371649 34.76
894 2939133 71 19.06 371666 12.63
895 2941259 294 51.51 371683 53.66
896 2943953 263 45.37 371700 47.97
897 2950704 249 42.85 371717 29.92
898 2950743 295 51.75 371733 39.27
899 2964953 248 42.69 371754 30.67
900 2967636 263 45.37 371817 31.21
901 2968049 62 17.75 371833 -2.63
902 2968279 56 16.76 371849 -16.81
903 2968440 62 17.75 371865 -31.95
904 2968482 56 16.76 371881 -33.56
905 2968538 63 17.91 371897 -30.66
906 2968727 62 17.75 371913 -31.95
907 2968764 56 16.76 371929 -31.95
908 2968838 63 17.91 371945 -30.02
909 2969401 48 15.29 371962 -0.91
910 2970052 312 55.68 371978 18.54
911 2970989 63 17.91 371994 -28.41
912 2971469 56 16.76 372010 -30.02
913 2971589 62 17.75 372037 -31.95
914 2971622 60 17.43 372053 -31.31
915 2971821 60 17.43 372069 -18.96
916 2971940 60 17.43 372085 -31.95
917 2971982 60 17.43 372101 -31.85
918 2972060 60 17.43 372117 -31.85
919 2972102 60 17.43 372133 -30.66
920 2982424 255 43.96 372149 32.18
921 2988502 307 54.48 372165 51.84
922 2990770 704 326.52 372181 127.78
923 2996580 248 42.69 372197 38.62
924 3006828 224 38.29 372216 46.68
925 3006872 243 41.74 372232 33.57
926 3016747 255 43.96 372251 40.23
927 3022782 115 23.18 372269 15.74
928 3023097 255 43.96 372288 27.88
929 3025807 332 61.17 372304 43.56
930 3028167 252 43.42 372320 28.31
931 3035186 207 35.26 372337 36.58
932 3042846 271 46.93 372355 32.18
933 3050242 319 57.64 372371 55.38
934 3052209 240 41.21 372387 32.82
935 3059316 295 51.75 372406 55.92
936 3060826 204 34.73 372422 32.18
937 3066793 302 53.30 372440 60.86
938 3067467 312 55.68 372456 55.38
939 3070693 103 22.23 372473 9.30
940 3072484 184 31.36 372489 22.19
941 3075000 455 117.03 372506 86.00
942 3078032 627 249.17 372525 114.36
943 3079076 271 46.93 372541 63.97
944 3084537 304 53.73 372560 42.49
945 3085954 263 45.37 372578 43.35
946 3093905 131 24.54 372594 22.94
947 3094712 259 44.69 372610 36.37
948 3099166 263 45.37 372627 45.07
949 3102873 231 39.55 372647 43.35
950 3103389 159 27.66 372663 21.65
951 3109179 444 109.09 372682 76.01
952 3138895 302 53.30 372705 52.80
953 3140514 92 21.32 372721 16.92
954 3146991 110 22.78 372787 16.71
955 3149637 415 95.00 372805 81.48
956 3160869 167 28.76 372824 24.44
957 3164380 255 43.96 372840 50.55
958 3168904 271 46.93 372857 29.92
959 3177969 204 34.73 372924 48.51
960 3180488 359 69.86 372941 62.15
961 3181746 222 37.96 372958 41.20
962 3191582 263 45.37 372974 27.34
963 3194746 335 61.77 372990 38.30
964 3197145 335 61.77 373007 68.59
965 3200185 275 47.73 373024 29.92
966 3200436 188 32.01 373040 19.61
967 3203018 243 41.74 373056 24.44
968 3206281 179 30.55 373072 30.67
969 3209498 192 32.67 373091 30.67
970 3213199 295 51.75 373110 59.03
971 3214309 79 20.03 373127 9.30
972 3214606 115 23.18 373143 0.38
973 3219524 131 24.54 373162 26.70
974 3219682 396 85.28 373178 57.96
975 3226068 236 40.44 373195 43.78
976 3230509 192 32.67 373212 39.59
977 3230622 152 26.78 373228 14.99
978 3242700 263 45.37 373245 46.68
979 3247939 220 37.58 373261 28.85
980 3251064 96 21.67 373277 1.24
981 3254458 387 81.05 373293 73.75
982 3267927 63 17.91 373312 -30.02
983 3268637 63 17.91 373328 -30.66
984 3269857 63 17.91 373344 -29.70
985 3270470 60 17.43 373363 -29.70
986 3270710 60 17.43 373379 -30.45
987 3270831 62 17.75 373395 -30.66
988 3270868 62 17.75 373411 -30.02
989 3271038 255 43.96 373427 7.47
990 3271767 348 65.64 373443 47.97
991 3273140 271 46.93 373459 45.07
992 3274200 323 58.48 373475 55.38
993 3275319 216 36.85 373491 37.33
994 3276480 216 36.85 373507 33.79
995 3276666 227 38.83 373523 27.34
996 3278932 263 45.37 373540 39.80
997 3282370 199 33.86 373558 31.96
998 3283892 275 47.73 373574 45.07
999 3286927 319 57.64 373593 63.44
1000 3292309 88 20.96 373610 9.30
1001 3310821 176 30.09 373631 42.49
1002 3312904 195 33.17 373647 37.12
1003 3326221 224 38.29 373665 37.33
1004 3328268 96 21.67 373681 1.99
1005 3328965 280 48.67 373697 24.44
1006 3340120 624 242.54 373715 107.91
1007 3355903 227 38.83 373737 40.23
1008 3372899 415 95.00 373756 71.17
1009 3381589 332 61.17 373775 55.38
1010 3382806 275 47.73 373791 32.18
1011 3384594 120 23.58 373808 6.72
1012 3388250 263 45.37 373825 42.17
1013 3388387 192 32.67 373844 23.91
1014 3394781 415 95.00 373862 63.44
1015 3396890 248 42.69 373878 50.55
1016 3401292 224 38.29 373895 34.65
1017 3411237 199 33.86 373963 45.07
1018 3418168 255 43.96 374029 35.29
1019 3423843 220 37.58 374046 34.76
1020 3431752 259 44.69 374063 58.60
1021 3442067 209 35.61 374079 37.76
1022 3450829 287 50.23 374098 53.66
1023 3452055 408 90.57 374114 75.79
1024 3456345 224 38.29 374130 37.33
1025 3458441 291 50.97 374146 53.66
1026 3474356 312 55.68 374165 45.07
1027 3485159 287 50.23 374186 62.15
1028 3489389 241 41.39 374202 54.63
1029 3496610 284 49.41 374219 50.55
1030 3496985 295 51.75 374235 32.18
1031 3522051 51 15.86 374259 12.63
1032 3531180 193 32.84 374278 25.41
1033 3539263 398 85.63 374296 75.90
1034 3540163 318 57.28 374312 42.28
1035 3542429 147 26.19 374328 28.10
1036 3545120 158 27.53 374345 27.34
1037 3545944 289 50.47 374361 42.49
1038 3552600 335 61.77 374381 32.18
1039 3560198 135 24.92 374398 14.13
1040 3560417 248 42.69 374414 24.44
1041 3562870 152 26.78 374428 22.19
1042 3562980 211 35.96 374444 20.47
1043 3565769 710 362.55 374461 125.85
1044 3566876 60 17.43 374477 -29.48
1045 3566899 62 17.75 374493 -31.95
1046 3567020 62 17.75 374509 -31.95
1047 3567075 63 17.91 374525 -29.91
1048 3567125 344 64.67 374541 24.44
1049 3567222 62 17.75 374557 -31.95
1050 3567537 63 17.91 374573 -29.48
1051 3567837 56 16.76 374589 -28.62
1052 3568149 307 54.48 374605 20.90
1053 3569037 67 18.51 374621 0.49
1054 3569217 63 17.91 374640 -9.07
1055 3569638 63 17.91 374656 -27.44
1056 3570039 63 17.91 374672 -21.64
1057 3570187 62 17.75 374688 -30.66
1058 3572585 252 43.42 374704 32.18
1059 3576901 143 25.74 374720 32.18
1060 3587650 415 95.00 374741 84.28
1061 3596307 207 35.26 374757 53.23
1062 3597942 227 38.83 374773 42.49
1063 3598904 327 59.28 374789 55.38
1064 3605085 135 24.92 374808 27.34
1065 3610425 271 46.93 374827 42.38
1066 3611169 359 69.86 374843 43.35
1067 3633325 304 53.73 374861 51.84
1068 3635495 339 62.98 374882 72.14
1069 3637752 284 49.41 374899 55.27
1070 3641913 78 19.92 374917 13.38
1071 3646258 199 33.86 374934 23.15
1072 3649766 231 39.55 374950 42.38
1073 3651573 352 66.89 374966 64.40
1074 3660516 184 31.36 374984 32.18
1075 3668771 83 20.46 375001 14.02
1076 3671826 399 87.30 375017 70.96
1077 3684548 231 39.55 375036 40.23
1078 3687024 199 33.86 375100 27.34
1079 3693898 67 18.51 375118 -27.33
1080 3694027 63 17.91 375183 -27.12
1081 3694610 62 17.75 375199 -21.21
1082 3694646 67 18.51 375218 -26.37
1083 3694710 81 20.25 375234 -27.12
1084 3694918 96 21.67 375250 -21.64
1085 3695011 103 22.23 375266 -18.74
1086 3695052 56 16.76 375282 -18.53
1087 3695981 224 38.29 375300 32.18
1088 3696129 56 16.76 375316 -6.49
1089 3696711 62 17.75 375332 -28.41
1090 3696830 62 17.75 375348 -30.02
1091 3697218 62 17.75 375364 -30.02
1092 3702955 63 17.91 375381 -7.78
1093 3703121 63 17.91 375397 -29.91
1094 3705637 63 17.91 375413 -31.95
1095 3706436 48 15.29 375430 -9.07
1096 3706555 99 21.91 375449 -18.31
1097 3706677 56 16.76 375465 -31.95
1098 3716153 140 25.42 375485 24.23
1099 3717221 259 44.69 375501 39.16
1100 3718901 227 38.83 375518 40.23
1101 3725430 207 35.26 375535 42.49
1102 3727360 263 45.37 375552 46.04
1103 3729268 231 39.55 375570 24.44
1104 3739282 227 38.83 375587 38.19
1105 3746357 248 42.69 375605 46.68
1106 3750069 216 36.85 375622 24.23
1107 3757625 423 97.36 375638 83.42
1108 3770275 120 23.58 375655 19.61
1109 3782167 319 57.64 375672 50.55
1110 3782323 243 41.74 375691 34.76
1111 3785398 216 36.85 375707 28.85
1112 3788771 243 41.74 375723 28.31
1113 3797154 71 19.06 375741 5.43
1114 3808832 51 15.86 375760 -12.94
1115 3809735 207 35.26 375776 19.61
1116 3811060 339 62.98 375792 52.59
1117 3812559 248 42.69 375809 44.85
1118 3829198 192 32.67 375828 26.05
1119 3841438 248 42.69 375848 60.21
1120 3841665 312 55.68 375864 52.59
1121 3842478 120 23.58 375880 19.18
1122 3844961 195 33.17 375897 34.76
1123 3845302 216 36.85 375913 27.34
1124 3849140 344 64.67 375932 50.55
1125 3851958 115 23.18 375949 24.44
1126 3854931 231 39.55 375965 34.54
1127 3865791 51 15.86 375985 0.92
1128 3868270 255 43.96 376003 32.18
1129 3871844 376 76.43 376021 63.44
1130 3875715 263 45.37 376038 50.55
1131 3879076 209 35.61 376054 28.31
1132 3896766 76 19.69 376076 18.00
1133 3897920 193 32.84 376092 24.44
1134 3903742 49 15.48 376112 0.27
1135 3911620 359 69.86 376131 55.38
1136 3915191 135 24.92 376148 31.86
1137 3920951 332 61.17 376216 50.55
1138 3921515 273 47.25 376236 43.35
1139 3922603 127 24.18 376253 14.99
1140 3924051 198 33.69 376269 27.34
1141 3927150 543 164.77 376285 94.38
1142 3928567 51 15.86 376302 3.71
1143 3928964 56 16.76 376367 -31.95
1144 3929006 49 15.48 376383 -34.53
1145 3930202 51 15.86 376399 -30.66
1146 3930322 51 15.86 376415 -33.56
1147 3930479 444 109.09 376431 46.04
1148 3931882 51 15.86 376448 -19.06
1149 3932002 49 15.48 376464 -25.51
1150 3934048 207 35.26 376481 24.44
1151 3935016 364 71.71 376497 51.84
1152 3935345 391 82.35 376517 71.17
1153 3939013 179 30.55 376536 33.04
1154 3939208 143 25.74 376552 11.88
1155 3943468 80 20.14 376571 28.20
1156 3943754 103 22.23 376587 4.36
1157 3946331 216 36.85 376603 31.96
1158 3946995 263 45.37 376619 34.76
1159 3947448 184 31.36 376636 22.19
1160 3950306 204 34.73 376652 26.70
1161 3950435 49 15.48 376668 -9.07
1162 3950622 259 44.69 376684 19.61
1163 3951057 156 27.28 376701 12.63
1164 3951466 140 25.42 376717 -3.92
1165 3952479 207 35.26 376736 22.19
1166 3953185 192 32.67 376752 22.19
1167 3965749 391 82.35 376770 68.59
1168 3966752 231 39.55 376786 43.78
1169 3968230 263 45.37 376802 37.23
1170 3975204 273 47.25 376818 34.76
1171 3980511 156 27.28 376835 23.48
1172 3987371 51 15.86 376852 6.72
1173 3988441 48 15.29 376869 5.43
1174 3988571 255 43.96 376885 22.94
1175 3988674 51 15.86 376901 -9.82
1176 3988818 56 16.76 376917 -31.95
1177 3988937 49 15.48 376933 -34.53
1178 3989021 49 15.48 376949 -34.42
1179 3989224 51 15.86 376968 -33.78
1180 3989303 56 16.76 376984 -33.78
1181 3989631 51 15.86 377000 -34.42
1182 3989936 54 16.41 377016 -31.95
1183 3990343 199 33.86 377032 -4.24
1184 3990402 51 15.86 377048 -31.95
1185 3990439 51 15.86 377064 -33.24
1186 3990481 49 15.48 377080 -34.32
1187 3990656 56 16.76 377096 -31.85
1188 3990794 51 15.86 377112 -31.95
1189 3991086 51 15.86 377128 -31.95
1190 3991340 51 15.86 377144 -34.42
1191 3991782 48 15.29 377161 -28.84
1192 3992156 56 16.76 377177 -29.70
1193 3992198 49 15.48 377196 -31.95
1194 3992318 56 16.76 377212 -29.70
1195 3992525 51 15.86 377277 -34.42
1196 3994324 159 27.66 377293 3.82
1197 3996965 143 25.74 377309 20.58
1198 3998767 108 22.63 377325 -6.49
1199 4000212 230 39.39 377342 50.55
1200 4003147 412 92.93 377359 64.19
1201 4016024 60 17.43 377378 23.69
1202 4016312 312 55.68 377394 41.52
1203 4019011 220 37.58 377410 32.18
1204 4019486 263 45.37 377426 36.37
1205 4021501 248 42.69 377443 44.96
1206 4022153 318 57.28 377507 51.84
1207 4033987 199 33.86 377527 22.19
1208 4034129 199 33.86 377543 16.71
1209 4035957 236 40.44 377560 14.13
1210 4036226 62 17.75 377576 -5.63
1211 4036870 204 34.73 377592 15.74
1212 4041652 252 43.42 377608 46.04
1213 4042992 243 41.74 377625 29.28
1214 4049276 318 57.28 377642 40.99
1215 4049628 56 16.76 377658 -16.91
1216 4049771 56 16.76 377674 -31.95
1217 4050500 51 15.86 377690 -34.53
1218 4050542 49 15.48 377706 -34.10
1219 4050695 56 16.76 377722 -34.53
1220 4050856 54 16.41 377738 -34.21
1221 4050898 49 15.48 377757 -34.53
1222 4050976 51 15.86 377773 -33.78
1223 4051059 51 15.86 377789 -34.42
1224 4051341 56 16.76 377805 -34.53
1225 4051383 51 15.86 377821 -34.53
1226 4051466 49 15.48 377837 -34.53
1227 4051512 49 15.48 377853 -34.32
1228 4051544 51 15.86 377869 -34.53
1229 4052690 51 15.86 377886 -13.69
1230 4053155 56 16.76 377902 -33.99
1231 4053234 51 15.86 377918 -34.42
1232 4053317 57 16.93 377934 -31.95
1233 4053359 51 15.86 377950 -34.42
1234 4053521 56 16.76 377966 -33.99
1235 4055150 51 15.86 377987 -30.02
1236 4059651 380 78.12 378004 50.55
1237 4060093 255 43.96 378020 40.23
1238 4060934 220 37.58 378036 24.44
1239 4061261 211 35.96 378052 23.15
1240 4062579 280 48.67 378068 30.67
1241 4068718 252 43.42 378088 27.34
1242 4069453 126 24.09 378104 -2.63
1243 4076588 240 41.21 378122 43.24
1244 4083489 344 64.67 378142 73.75
1245 4088060 147 26.19 378162 20.47
1246 4091927 140 25.42 378179 14.13
1247 4092289 199 33.86 378195 16.71
1248 4095300 65 18.22 378211 12.84
1249 4095779 209 35.61 378231 28.20
1250 4096168 504 143.61 378247 82.24
1251 4097745 313 56.02 378264 73.75
1252 4098326 313 56.02 378281 53.88
1253 4108567 49 15.48 378304 -21.64
1254 4111392 51 15.86 378372 -28.09
1255 4111624 51 15.86 378388 -28.62
1256 4114994 143 25.74 378405 27.34
1257 4117233 209 35.61 378422 39.80
1258 4117376 414 93.93 378439 56.24
1259 4118592 291 50.97 378455 42.49
1260 4121616 227 38.83 378471 22.19
1261 4121661 224 38.29 378487 21.65
1262 4126424 192 32.67 378505 34.76
1263 4127589 199 33.86 378525 48.94
1264 4129396 184 31.36 378542 30.67
1265 4129421 304 53.73 378558 38.41
1266 4131331 350 66.46 378575 50.55
1267 4132112 231 39.55 378591 38.30
1268 4138294 262 45.24 378608 44.96
1269 4139582 408 90.57 378672 71.17
1270 4140082 231 39.55 378688 42.49
1271 4144669 254 43.77 378704 46.04
1272 4145161 94 21.50 378720 9.30
1273 4151360 304 53.73 378738 44.75
1274 4160510 399 87.30 378761 74.50
1275 4163442 224 38.29 378777 27.34
1276 4165726 48 15.29 378798 -9.07
1277 4166441 48 15.29 378814 -31.95
1278 4166846 48 15.29 378830 -24.54
1279 4167916 199 33.86 378846 5.86
1280 4169551 376 76.43 378862 52.48
1281 4172680 252 43.42 378881 33.04
1282 4173809 287 50.23 378899 38.19
1283 4174281 49 15.48 378915 -29.27
1284 4177731 49 15.48 378932 7.69
1285 4178013 49 15.48 378948 -26.58
1286 4180217 243 41.74 378964 31.21
1287 4184808 273 47.25 378981 34.76
1288 4188731 319 57.64 378998 55.38
1289 4192516 204 34.73 379016 29.92
1290 4192790 271 46.93 379035 35.62
1291 4193789 305 53.88 379052 50.55
1292 4196519 71 19.06 379069 17.68
1293 4197022 231 39.55 379085 26.05
1294 4201117 79 20.03 379103 10.59
1295 4202643 172 29.49 379120 20.90
1296 4203959 167 28.76 379137 29.92
1297 4204189 510 148.47 379153 81.48
1298 4205553 198 33.69 379170 31.21
1299 4205577 156 27.28 379186 11.88
1300 4211361 184 31.36 379206 42.49
1301 4212587 127 24.18 379222 19.61
1302 4224446 295 51.75 379240 40.99
1303 4224730 216 36.85 379256 27.34
1304 4225204 401 87.91 379275 62.36
1305 4227940 49 15.48 379292 9.30
1306 4228179 48 15.29 379308 -30.66
1307 4228756 78 19.92 379326 0.92
1308 4229596 49 15.48 379343 -34.53
1309 4229763 51 15.86 379359 -31.95
1310 4230044 49 15.48 379375 -34.53
1311 4230326 51 15.86 379391 -34.53
1312 4232454 312 55.68 379409 43.35
1313 4233889 227 38.83 379474 38.19
1314 4235056 51 15.86 379490 -9.07
1315 4237083 96 21.67 379507 3.82
1316 4237456 51 15.86 379523 -13.58
1317 4237576 56 16.76 379539 -23.25
1318 4237918 54 16.41 379558 -31.95
1319 4238319 49 15.48 379574 -33.56
1320 4238527 51 15.86 379590 -21.64
1321 4238643 49 15.48 379606 -34.32
1322 4238685 49 15.48 379622 -34.53
1323 4238722 51 15.86 379638 -34.53
1324 4238888 48 15.29 379654 -34.53
1325 4238966 51 15.86 379670 -21.64
1326 4239119 54 16.41 379686 -31.95
1327 4239211 51 15.86 379702 -33.56
1328 4239839 49 15.48 379718 -34.42
1329 4239899 49 15.48 379734 -33.56
1330 4240125 49 15.48 379750 -34.53
1331 4240697 49 15.48 379766 -24.43
1332 4241672 639 249.88 379834 91.90
1333 4244782 496 144.49 379850 83.74
1334 4246682 480 130.21 379867 98.89
1335 4249574 243 41.74 379884 41.52
1336 4253876 211 35.96 379900 22.19
1337 4261074 88 20.96 379924 14.99
1338 4262562 224 38.29 379941 16.71
1339 4262986 254 43.77 379957 29.49
1340 4264322 248 42.69 379974 40.23
1341 4265568 380 78.12 379990 59.03
1342 4268907 668 291.28 380010 109.20
1343 4270263 231 39.55 380026 35.29
1344 4270376 352 66.89 380042 51.84
1345 4270628 408 90.57 380058 69.45
1346 4270912 159 27.66 380077 27.34
1347 4277557 112 22.94 380097 7.26
1348 4279169 209 35.61 380113 16.92
1349 4279872 76 19.69 380129 -1.02
1350 4281805 135 24.92 380145 14.13
1351 4281872 263 45.37 380161 26.70
1352 4284733 384 80.08 380178 70.10
1353 4286320 255 43.96 380196 34.76
1354 4287357 252 43.42 380213 38.62
1355 4287471 231 39.55 380229 30.67
1356 4288577 332 61.17 380245 42.49
1357 4290776 207 35.26 380261 16.71
1358 4292430 166 28.62 380277 7.26
1359 4295229 99 21.91 380294 7.04
1360 4295984 307 54.48 380313 40.23
1361 4297321 192 32.67 380329 22.94
1362 4297602 280 48.67 380345 24.44
1363 4302287 76 19.69 380363 -14.01
1364 4302341 236 40.44 380379 10.16
1365 4303200 120 23.58 380395 6.72
1366 4307068 295 51.75 380412 57.96
1367 4309688 188 32.01 380428 24.44
1368 4311380 108 22.63 380445 11.88
1369 4312301 263 45.37 380461 34.76
1370 4315443 176 30.09 380479 10.59
1371 4320541 153 26.90 380497 18.96
1372 4324744 270 46.71 380564 50.55
1373 4325726 83 20.46 380580 -9.07
1374 4326035 88 20.96 380599 -24.54
1375 4326197 81 20.25 380615 -21.64
1376 4326506 88 20.96 380631 -23.47
1377 4326677 70 18.93 380647 -27.23
1378 4326913 63 17.91 380663 -26.37
1379 4326986 71 19.06 380679 -27.23
1380 4331494 499 141.24 380700 68.06
1381 4333505 216 36.85 380717 28.31
1382 4336827 384 80.08 380736 71.17
1383 4339161 476 129.76 380754 67.95
1384 4339832 335 61.77 380772 60.21
1385 4340054 287 50.23 380788 48.83
1386 4340970 240 41.21 380805 38.30
1387 4341260 284 49.41 380825 27.34
1388 4342467 255 43.96 380841 40.99
1389 4343796 131 24.54 380857 9.30
1390 4345055 284 49.41 380875 20.90
1391 4346453 179 30.55 380892 9.30
1392 4346567 206 35.07 380908 12.84
1393 4354147 307 54.48 380927 32.61
1394 4355924 240 41.21 380944 29.92
1395 4357607 335 61.77 381009 58.93
1396 4358299 300 52.79 381025 46.04
1397 4358906 307 54.48 381041 50.55
1398 4360031 199 33.86 381057 28.20
1399 4360707 334 61.44 381074 55.38
1400 4360774 376 76.43 381090 64.08
1401 4364481 243 41.74 381112 27.34
1402 4371013 209 35.61 381132 29.92
1403 4371660 204 34.73 381148 14.13
1404 4372582 428 101.58 381165 91.80
1405 4374003 209 35.61 381182 29.92
1406 4375744 291 50.97 381199 28.20
1407 4375902 263 45.37 381215 32.18
1408 4376118 255 43.96 381231 27.34
1409 4378695 192 32.67 381250 18.00
1410 4380644 355 68.30 381266 57.64
1411 4382336 236 40.44 381285 38.30
1412 4384063 248 42.69 381302 29.92
1413 4386122 319 57.64 381320 55.06
1414 4386780 220 37.58 381336 29.92
1415 4387044 350 66.46 381355 50.55
1416 4388351 280 48.67 381371 42.49
1417 4389931 415 95.00 381388 71.17
1418 4390837 339 62.98 381406 37.33
1419 4394170 387 81.05 381423 50.55
1420 4394487 271 46.93 381440 43.35
1421 4394540 355 68.30 381456 53.23
1422 4396223 209 35.61 381474 19.61
1423 4396342 415 95.00 381490 57.96
1424 4396770 300 52.79 381506 50.55
1425 4396970 167 28.76 381522 22.94
1426 4402379 224 38.29 381545 42.06
1427 4403623 71 19.06 381562 10.59
1428 4404866 280 48.67 381578 34.65
1429 4405645 227 38.83 381597 22.19
1430 4406580 198 33.69 381662 24.44
1431 4409450 145 25.96 381678 12.63
1432 4411732 224 38.29 381695 18.96
1433 4414171 143 25.74 381711 2.85
1434 4415620 300 52.79 381732 38.30
1435 4416627 312 55.68 381748 50.55
1436 4420140 327 59.28 381769 71.17
1437 4425287 412 92.93 381791 84.49
1438 4429857 240 41.21 381810 29.92
1439 4431189 252 43.42 381827 33.04
1440 4431487 252 43.42 381843 27.34
1441 4431647 270 46.71 381860 40.99
1442 4433240 335 61.77 381876 47.97
1443 4434566 120 23.58 381896 -1.02
1444 4435635 216 36.85 381913 55.38
1445 4436051 238 40.82 381929 37.76
1446 4437018 110 22.78 381945 12.84
1447 4439208 332 61.17 381965 56.13
1448 4439424 243 41.74 381981 39.16
1449 4440305 76 19.69 381997 2.53
1450 4441274 204 34.73 382013 22.19
1451 4441819 248 42.69 382029 29.92
1452 4445727 206 35.07 382048 11.88
1453 4447445 236 40.44 382066 42.38
1454 4448205 211 35.96 382082 19.61
1455 4450428 318 57.28 382098 50.55
1456 4450678 195 33.17 382114 17.68
1457 4455593 444 109.09 382134 60.86
1458 4458585 231 39.55 382200 18.96
1459 4458708 263 45.37 382216 29.28
1460 4466929 207 35.26 382237 21.65
1461 4470659 291 50.97 382256 63.44
1462 4471937 192 32.67 382273 20.90
1463 4472858 304 53.73 382291 52.80
1464 4474204 332 61.17 382307 48.29
1465 4474976 255 43.96 382324 32.18
1466 4477803 302 53.30 382341 42.28
1467 4479247 263 45.37 382358 50.55
1468 4481437 135 24.92 382374 -1.66
1469 4484811 352 66.89 382392 55.38
1470 4486084 81 20.25 382409 2.10
1471 4487101 248 42.69 382429 35.62
1472 4488468 327 59.28 382446 56.24
1473 4489921 199 33.86 382463 29.92
1474 4491791 455 117.03 382482 89.22
1475 4492791 67 18.51 382498 -3.92
1476 4493744 799 620.61 382517 155.93
1477 4493863 56 16.76 382533 40.23
1478 4494193 76 19.69 382549 3.82
1479 4494966 71 19.06 382565 -11.33
1480 4496073 216 36.85 382583 16.71
1481 4497063 76 19.69 382602 9.30
1482 4498892 193 32.84 382620 55.38
1483 4499539 355 68.30 382638 49.90
1484 4501011 63 17.91 382655 1.46
1485 4501639 51 15.86 382674 -10.04
1486 4502157 60 17.43 382691 -13.91
1487 4504053 287 50.23 382709 40.23
1488 4504364 73 19.32 382725 1.24
1489 4507512 252 43.42 382793 37.01
1490 4507659 140 25.42 382809 9.30
1491 4509184 287 50.23 382825 33.04
1492 4509245 255 43.96 382841 32.82
1493 4512213 463 119.23 382859 79.44
1494 4512241 380 78.12 382875 71.17
1495 4514580 79 20.03 382894 10.16
1496 4516218 294 51.51 382910 45.07
1497 4517533 255 43.96 382926 24.44
1498 4518474 419 97.20 382943 67.30
1499 4519923 312 55.68 382964 47.97
1500 4520362 211 35.96 382980 31.21
1501 4521320 88 20.96 382999 0.92
1502 4523504 369 73.42 383016 45.07
1503 4523810 368 72.93 383032 59.25
1504 4525634 192 32.67 383049 24.44
1505 4525747 307 54.48 383065 32.18
1506 4526028 492 134.92 383081 73.75
1507 4526106 496 144.49 383098 93.09
1508 4527761 179 30.55 383118 24.44
1509 4530294 291 50.97 383141 45.07
1510 4533646 70 18.93 383158 -9.18
1511 4537270 204 34.73 383176 13.81
1512 4538359 252 43.42 383195 21.76
1513 4540598 376 76.43 383212 47.97
1514 4542972 88 20.96 383228 9.30
1515 4543678 287 50.23 383246 53.66
1516 4546065 110 22.78 383264 3.82
1517 4549086 319 57.64 383283 52.59
1518 4550018 318 57.28 383300 40.23
1519 4550120 254 43.77 383317 49.69
1520 4551116 63 17.91 383336 -6.49
1521 4551429 295 51.75 383402 46.04
1522 4555244 211 35.96 383422 20.90
1523 4555355 227 38.83 383438 22.19
1524 4555598 192 32.67 383454 17.68
1525 4555642 318 57.28 383470 37.33
1526 4557714 57 16.93 383491 -13.91
1527 4557880 204 34.73 383507 3.82
1528 4559386 335 61.77 383526 40.23
1529 4560924 207 35.26 383545 27.34
1530 4561784 496 144.49 383562 79.87
1531 4562100 334 61.44 383578 40.23
1532 4564339 271 46.93 383595 34.11
1533 4566012 188 32.01 383612 22.94
1534 4566084 371 73.82 383628 50.55
1535 4570143 419 97.20 383649 81.48
1536 4570268 455 117.03 383665 90.08
1537 4572034 359 69.86 383683 42.17
1538 4575456 96 21.67 383701 20.47
1539 4580743 118 23.42 383728 -2.09
1540 4582783 335 61.77 383748 52.80
1541 4584751 184 31.36 383765 12.63
1542 4585614 97 21.75 383782 -8.43
1543 4586762 428 101.58 383798 53.23
1544 4587555 254 43.77 383815 31.53
1545 4587945 263 45.37 383831 37.33
1546 4589982 209 35.61 383856 7.69
1547 4590346 211 35.96 383873 16.39
1548 4590690 248 42.69 383938 20.90
1549 4591447 56 16.76 383954 -11.33
1550 4591948 255 43.96 383970 26.70
1551 4592349 49 15.48 383986 -6.49
1552 4592543 231 39.55 384002 14.13
1553 4593328 307 54.48 384018 42.38
1554 4593738 204 34.73 384038 32.18
1555 4594132 280 48.67 384054 38.19
1556 4594564 243 41.74 384071 22.19
1557 4594694 161 27.93 384087 4.79
1558 4597633 255 43.96 384109 19.61
1559 4597938 295 51.75 384125 21.65
1560 4598789 217 37.04 384143 11.88
1561 4599222 230 39.39 384159 22.19
1562 4599730 248 42.69 384176 34.76
1563 4600440 241 41.39 384194 38.30
1564 4601575 307 54.48 384210 29.92
1565 4602881 252 43.42 384226 24.12
1566 4604531 135 24.92 384243 22.19
1567 4605678 280 48.67 384260 22.94
1568 4606745 176 30.09 384283 20.90
1569 4606798 71 19.06 384299 -8.64
1570 4607303 224 38.29 384315 17.68
1571 4610167 172 29.49 384332 17.14
1572 4612613 224 38.29 384349 27.34
1573 4615389 300 52.79 384368 43.78
1574 4617164 353 67.64 384387 40.23
1575 4618805 415 95.00 384405 47.97
1576 4618998 364 71.71 384421 57.96
1577 4619718 231 39.55 384438 26.05
1578 4620033 428 101.58 384454 66.23
1579 4620576 723 388.29 384470 115.97
1580 4624245 248 42.69 384487 33.57
1581 4624712 327 59.28 384504 56.46
1582 4625678 231 39.55 384523 19.61
1583 4625802 280 48.67 384539 31.86
1584 4626661 352 66.89 384607 82.77
1585 4626780 391 82.35 384623 52.80
1586 4627118 204 34.73 384640 22.94
1587 4628449 192 32.67 384658 12.41
1588 4628493 127 24.18 384674 -0.05
1589 4629895 366 72.41 384694 60.21
1590 4630596 231 39.55 384710 19.61
1591 4632999 604 210.97 384726 104.69
1592 4633974 192 32.67 384743 17.57
1593 4634939 124 23.92 384760 7.69
1594 4635070 316 56.81 384776 34.76
1595 4636086 216 36.85 384793 38.30
1596 4636988 455 117.03 384813 76.01
1597 4637498 323 58.48 384829 37.98
1598 4639546 462 120.87 384850 76.01
1599 4640149 259 44.69 384867 41.52
1600 4641680 238 40.82 384886 33.57
1601 4643138 108 22.63 384904 14.13
1602 4643468 207 35.26 384920 15.74
1603 4644528 478 129.43 384937 79.44
1604 4645702 263 45.37 384955 40.99
1605 4646344 231 39.55 384972 29.92
1606 4646471 455 117.03 384988 72.03
1607 4646925 263 45.37 385054 43.78
1608 4647059 185 31.51 385070 6.93
1609 4647265 147 26.19 385089 3.71
1610 4649007 287 50.23 385107 27.34
1611 4649242 304 53.73 385123 40.99
1612 4649271 238 40.82 385139 29.92
1613 4650318 227 38.83 385156 42.49
1614 4653079 231 39.55 385175 29.92
1615 4653219 65 18.22 385192 9.30
1616 4654313 216 36.85 385209 13.81
1617 4656068 161 27.93 385228 3.82
1618 4656221 335 61.77 385244 37.33
1619 4656241 263 45.37 385260 33.47
1620 4656680 110 22.78 385279 9.30
1621 4660749 204 34.73 385302 16.71
1622 4661190 284 49.41 385318 34.54
1623 4661528 263 45.37 385337 36.37
1624 4662026 327 59.28 385353 36.37
1625 4663006 287 50.23 385369 45.07
1626 4664124 280 48.67 385388 31.21
1627 4664725 352 66.89 385406 43.78
1628 4665591 204 34.73 385424 30.67
1629 4665641 195 33.17 385440 18.96
1630 4667316 216 36.85 385458 37.33
1631 4667673 319 57.64 385474 47.97
1632 4668269 231 39.55 385491 34.76
1633 4668621 312 55.68 385507 40.23
1634 4675395 236 40.44 385528 17.35
1635 4676695 207 35.26 385546 12.63
1636 4676915 359 69.86 385563 72.03
1637 4679080 224 38.29 385584 20.90
1638 4680210 227 38.83 385601 37.55
1639 4680232 295 51.75 385618 40.23
1640 4684395 209 35.61 385638 24.44
1641 4685038 193 32.84 385654 3.82
1642 4686037 305 53.88 385673 52.48
1643 4687197 275 47.73 385691 38.41
1644 4687616 300 52.79 385707 38.41
1645 4688244 339 62.98 385725 63.01
1646 4688444 192 32.67 385742 11.88
1647 4688614 207 35.26 385806 14.35
1648 4688846 236 40.44 385822 22.19
1649 4690577 319 57.64 385843 53.66
1650 4691665 463 119.23 385859 62.15
1651 4691764 271 46.93 385878 46.04
1652 4693904 307 54.48 385899 45.07
1653 4693955 227 38.83 385915 29.92
1654 4694479 81 20.25 385932 -9.18
1655 4694985 115 23.18 385950 2.53
1656 4696764 216 36.85 385966 9.30
1657 4698633 207 35.26 385984 24.44
1658 4699588 192 32.67 386001 15.74
1659 4700882 300 52.79 386019 26.05
1660 4701454 65 18.22 386036 29.92
1661 4701495 96 21.67 386052 0.27
1662 4703770 275 47.73 386072 34.76
1663 4703968 143 25.74 386089 -2.95
1664 4704209 463 119.23 386105 60.86
1665 4704362 195 33.17 386173 14.02
1666 4704737 659 253.36 386190 115.97
1667 4704960 262 45.24 386207 42.17
1668 4706871 307 54.48 386227 32.18
1669 4707106 192 32.67 386243 20.90
1670 4707582 143 25.74 386261 10.16
1671 4708094 449 112.05 386277 66.66
1672 4709516 499 141.24 386295 76.65
1673 4710337 199 33.86 386312 22.19
1674 4710380 179 30.55 386328 11.88
1675 4712780 207 35.26 386350 10.16
1676 4713063 88 20.96 386366 -6.49
1677 4713220 207 35.26 386382 10.16
1678 4713930 209 35.61 386400 42.49
1679 4714391 270 46.71 386420 32.61
1680 4715836 97 21.75 386440 2.53
1681 4717375 127 24.18 386460 34.76
1682 4718271 248 42.69 386476 23.15
1683 4718383 368 72.93 386492 48.94
1684 4721477 184 31.36 386511 20.47
1685 4721669 220 37.58 386527 20.90
1686 4721837 284 49.41 386544 34.76
1687 4721986 353 67.64 386560 51.84
1688 4724130 307 54.48 386582 33.04
1689 4724486 131 24.54 386599 10.59
1690 4724522 120 23.58 386615 -3.92
1691 4724655 248 42.69 386631 16.71
1692 4724822 243 41.74 386647 24.44
1693 4724897 227 38.83 386666 22.94
1694 4725070 252 43.42 386682 14.13
1695 4726247 88 20.96 386700 11.88
1696 4727080 248 42.69 386717 42.49
1697 4728424 231 39.55 386738 24.44
1698 4729034 263 45.37 386756 38.62
1699 4729722 323 58.48 386775 53.45
1700 4730466 198 33.69 386792 22.19
1701 4731194 209 35.61 386808 22.94
1702 4731757 192 32.67 386826 29.92
1703 4731857 423 97.36 386842 63.44
1704 4732032 391 82.35 386858 70.53
1705 4732764 263 45.37 386877 32.18
1706 4734426 163 28.20 386899 37.33
1707 4735396 224 38.29 386918 37.33
1708 4735642 211 35.96 386934 26.05
1709 4735990 391 82.35 386951 71.17
1710 4737883 199 33.86 387016 7.69
1711 4737907 192 32.67 387032 9.30
1712 4738173 353 67.64 387049 51.30
1713 4739099 120 23.58 387067 12.84
1714 4740353 380 78.12 387085 54.09
1715 4740798 184 31.36 387103 36.04
1716 4742860 337 62.30 387123 58.93
1717 4743613 263 45.37 387140 42.38
1718 4744469 280 48.67 387160 43.24
1719 4744620 248 42.69 387176 32.18
1720 4745292 204 34.73 387198 27.34
1721 4745748 307 54.48 387215 32.18
1722 4746023 286 49.78 387231 38.19
1723 4746495 102 22.15 387248 7.58
1724 4746632 124 23.92 387313 -2.09
1725 4747159 143 25.74 387330 34.76
1726 4747700 211 35.96 387348 56.24
1727 4748382 344 64.67 387364 48.51
1728 4748604 255 43.96 387380 37.55
1729 4748836 135 24.92 387397 17.68
1730 4749201 62 17.75 387413 -7.78
1731 4749241 384 80.08 387429 41.52
1732 4749369 384 80.08 387446 60.86
1733 4749413 327 59.28 387462 55.38
1734 4749552 184 31.36 387481 26.05
1735 4749996 270 46.71 387498 27.34
1736 4750242 568 189.84 387514 92.66
1737 4750885 254 43.77 387533 34.54
1738 4751133 70 18.93 387549 -1.02
1739 4751485 126 24.09 387565 -1.02
1740 4753071 198 33.69 387583 28.10
1741 4753618 460 119.54 387600 69.45
1742 4755200 376 76.43 387620 60.86
1743 4755276 344 64.67 387636 57.96
1744 4755456 220 37.58 387652 32.61
1745 4757561 284 49.41 387669 41.52
1746 4757731 319 57.64 387685 33.04
1747 4758510 224 38.29 387701 24.44
1748 4759218 199 33.86 387721 42.38
1749 4759464 176 30.09 387737 20.90
1750 4759700 398 85.63 387753 56.46
1751 4760262 287 50.23 387769 48.72
1752 4760558 255 43.96 387787 44.42
1753 4760810 423 97.36 387804 63.97
1754 4761458 591 188.65 387822 109.84
1755 4761791 280 48.67 387838 65.37
1756 4765328 243 41.74 387863 57.96
1757 4766010 131 24.54 387881 20.90
1758 4766495 143 25.74 387899 11.88
1759 4767047 679 318.29 387916 125.74
1760 4770225 543 164.77 387938 105.44
1761 4770289 271 46.93 387954 60.86
1762 4772118 220 37.58 387976 36.04
1763 4772159 560 175.34 387992 91.80
1764 4772572 63 17.91 388010 -15.84
1765 4773430 271 46.93 388026 18.00
1766 4773587 323 58.48 388042 40.23
1767 4773662 408 90.57 388059 60.21
1768 4774374 71 19.06 388076 -9.07
1769 4774416 428 101.58 388092 48.94
1770 4774785 135 24.92 388109 22.19
1771 4775326 252 43.42 388125 34.22
1772 4775486 364 71.71 388141 46.68
1773 4775822 224 38.29 388205 31.96
1774 4776026 268 46.26 388221 34.76
1775 4777557 163 28.20 388237 14.99
1776 4777985 195 33.17 388257 28.20
1777 4778897 319 57.64 388273 40.23
1778 4779606 71 19.06 388291 11.98
1779 4780006 120 23.58 388308 3.82
1780 4780341 176 30.09 388325 -1.02
1781 4781047 115 23.18 388343 26.05
1782 4781537 344 64.67 388359 42.28
1783 4782892 280 48.67 388427 32.82
1784 4783170 158 27.53 388443 16.71
1785 4784029 243 41.74 388462 52.80
1786 4786008 231 39.55 388481 32.18
1787 4786642 304 53.73 388499 68.59
1788 4786881 472 125.87 388516 91.80
1789 4788127 286 49.78 388535 42.49
1790 4789750 192 32.67 388552 12.52
1791 4789932 159 27.66 388568 1.67
1792 4791375 295 51.75 388586 51.30
1793 4792877 457 118.95 388608 72.03
1794 4792938 227 38.83 388624 40.23
1795 4794798 440 109.25 388646 73.75
1796 4797410 231 39.55 388667 17.57
1797 4797447 271 46.93 388683 29.28
1798 4797754 295 51.75 388700 46.14
1799 4799250 254 43.77 388720 46.68
1800 4799719 92 21.32 388738 19.61
1801 4800773 204 34.73 388754 14.99
1802 4802394 291 50.97 388773 42.28
1803 4805644 636 231.85 388805 103.40
1804 4805838 176 30.09 388821 42.49
1805 4806329 224 38.29 388839 26.27
1806 4808992 230 39.39 388860 22.19
1807 4809744 241 41.39 388879 37.12
1808 4811112 248 42.69 388900 22.19
1809 4811793 76 19.69 388917 12.84
1810 4812503 384 80.08 388933 46.04
1811 4812817 295 51.75 388950 50.55
1812 4814415 295 51.75 388969 46.04
1813 4815635 271 46.93 388986 26.05
1814 4816176 224 38.29 389002 10.59
1815 4816372 284 49.41 389018 35.62
1816 4819760 275 47.73 389042 50.55
1817 4819843 241 41.39 389062 51.19
1818 4819882 284 49.41 389079 42.38
1819 4819923 462 120.87 389095 74.72
1820 4820730 312 55.68 389112 29.92
1821 4821396 220 37.58 389129 32.18
1822 4822792 179 30.55 389149 4.79
1823 4824034 103 22.23 389166 2.85
1824 4825245 62 17.75 389186 1.24
1825 4826094 143 25.74 389205 16.92
1826 4828529 312 55.68 389229 38.30
1827 4828724 312 55.68 389246 44.75
1828 4830089 398 85.63 389266 48.72
1829 4830895 60 17.43 389285 -16.81
1830 4831236 624 242.54 389303 114.68
1831 4831303 284 49.41 389322 65.69
1832 4832008 56 16.76 389341 7.58
1833 4832091 185 31.51 389357 7.69
1834 4832804 231 39.55 389373 12.63
1835 4832936 376 76.43 389389 47.97
1836 4834648 280 48.67 389456 55.38
1837 4835355 332 61.17 389476 51.30
1838 4835392 147 26.19 389492 17.68
1839 4835675 156 27.28 389509 12.20
1840 4835863 302 53.30 389525 34.97
1841 4837639 560 175.34 389543 83.74
1842 4837722 284 49.41 389608 55.38
1843 4838777 444 109.09 389628 79.01
1844 4839645 391 82.35 389645 52.48
1845 4840710 76 19.69 389669 1.13
1846 4841735 188 32.01 389688 32.18
1847 4842005 199 33.86 389704 14.02
1848 4843051 220 37.58 389722 33.04
1849 4843745 307 54.48 389741 51.84
1850 4843773 255 43.96 389757 37.33
1851 4845305 376 76.43 389778 68.59
1852 4845987 527 155.96 389794 83.42
1853 4846482 127 24.18 389814 24.44
1854 4846712 236 40.44 389830 26.05
1855 4847427 270 46.71 389849 24.44
1856 4848107 179 30.55 389867 6.07
1857 4848156 184 31.36 389884 20.90
1858 4848426 268 46.26 389900 31.21
1859 4848565 224 38.29 389920 16.39
1860 4848882 284 49.41 389937 62.15
1861 4849509 207 35.26 389955 21.76
1862 4850010 358 69.10 389972 42.49
1863 4852051 220 37.58 389992 18.00
1864 4852551 240 41.21 390008 14.13
1865 4853738 327 59.28 390030 60.86
1866 4853993 110 22.78 390047 27.34
1867 4854691 337 62.30 390065 76.01
1868 4855092 135 24.92 390087 -7.78
1869 4856945 268 46.26 390107 32.18
1870 4858100 172 29.49 390127 37.01
1871 4858346 255 43.96 390144 31.21
1872 4858362 108 22.63 390160 1.24
1873 4858467 103 22.23 390174 -9.07
1874 4859353 286 49.78 390193 35.62
1875 4859888 385 80.11 390210 58.60
1876 4860309 377 76.28 390227 54.09
1877 4861841 254 43.77 390247 29.92
1878 4862462 380 78.12 390263 57.96
1879 4863719 172 29.49 390285 18.96
1880 4864364 192 32.67 390302 15.74
1881 4865638 323 58.48 390321 48.72
1882 4865684 511 149.39 390337 86.32
1883 4865748 71 19.06 390353 17.68
1884 4866823 240 41.21 390369 29.92
1885 4867869 252 43.42 390389 25.73
1886 4868111 323 58.48 390410 59.46
1887 4869541 579 187.32 390429 84.81
1888 4869887 76 19.69 390445 -6.28
1889 4870048 209 35.61 390461 9.30
1890 4870837 295 51.75 390480 34.76
1891 4870946 504 143.61 390496 81.48
1892 4872449 319 57.64 390516 48.51
1893 4872990 131 24.54 390533 10.59
1894 4873882 227 38.83 390551 22.19
1895 4875801 184 31.36 390574 16.60
1896 4875839 275 47.73 390590 28.31
1897 4875918 240 41.21 390606 26.05
1898 4876336 318 57.28 390622 43.78
1899 4877089 192 32.67 390690 31.96
1900 4877811 295 51.75 390709 37.33
1901 4877924 271 46.93 390774 36.37
1902 4878059 307 54.48 390790 42.49
1903 4878570 352 66.89 390807 52.80
1904 4879088 271 46.93 390824 31.21
1905 4879421 326 59.13 390841 55.38
1906 4879512 236 40.44 390857 34.76
1907 4881110 263 45.37 390882 42.49
1908 4881613 384 80.08 390901 63.44
1909 4881839 249 42.85 390917 42.28
1910 4882200 255 43.96 390933 37.33
1911 4883264 127 24.18 390950 9.30
1912 4883309 134 24.82 390966 -1.02
1913 4883488 462 120.87 390982 60.86
1914 4883666 211 35.96 391003 40.23
1915 4884042 216 36.85 391020 37.01
1916 4884750 335 61.77 391037 42.49
1917 4887572 270 46.71 391059 46.68
1918 4889866 255 43.96 391082 24.44
1919 4890970 271 46.93 391102 62.36
1920 4891830 275 47.73 391123 40.99
1921 4892287 243 41.74 391140 40.23
1922 4894137 62 17.75 391162 -6.49
1923 4895139 401 87.91 391184 69.56
1924 4895559 384 80.08 391202 83.74
1925 4896025 513 148.53 391219 82.24
1926 4896368 159 27.66 391235 32.18
1927 4897010 108 22.63 391255 11.88
1928 4897596 408 90.57 391276 66.66
1929 4898243 368 72.93 391292 51.84
1930 4898761 147 26.19 391308 20.90
1931 4900668 238 40.82 391329 59.25
1932 4901014 240 41.21 391346 26.05
1933 4901256 238 40.82 391364 32.18
1934 4901510 227 38.83 391381 40.99
1935 4902366 419 97.20 391399 66.66
1936 4903377 83 20.46 391415 -12.94
1937 4904979 65 18.22 391435 -6.49
1938 4906753 70 18.93 391459 -8.43
1939 4906840 207 35.26 391477 30.67
1940 4907521 112 22.94 391494 -9.39
1941 4908050 376 76.43 391510 44.85
1942 4908394 304 53.73 391530 32.18
1943 4909912 115 23.18 391551 16.49
1944 4910152 195 33.17 391569 24.12
1945 4910357 67 18.51 391585 -12.94
1946 4911313 280 48.67 391606 42.28
1947 4911601 71 19.06 391623 -13.05
1948 4912199 88 20.96 391641 -5.63
1949 4912234 124 23.92 391657 -9.39
1950 4912412 211 35.96 391675 29.28
1951 4912920 174 29.79 391693 2.53
1952 4913571 227 38.83 391711 28.31
1953 4914756 295 51.75 391731 48.94
1954 4916023 384 80.08 391749 45.07
1955 4916290 207 35.26 391765 16.39
1956 4917090 380 78.12 391785 56.99
1957 4917391 192 32.67 391804 38.30
1958 4918770 287 50.23 391827 45.07
1959 4919133 216 36.85 391843 22.72
1960 4919726 344 64.67 391912 68.92
1961 4919899 270 46.71 391930 24.44
1962 4920812 207 35.26 391998 38.30
1963 4922372 339 62.98 392015 33.04
1964 4922595 207 35.26 392031 22.94
1965 4924292 216 36.85 392054 24.44
1966 4924403 207 35.26 392070 19.61
1967 4924825 184 31.36 392088 20.47
1968 4925680 259 44.69 392106 37.33
1969 4926376 262 45.24 392123 29.28
1970 4926710 252 43.42 392137 25.41
1971 4927207 188 32.01 392154 23.15
1972 4928511 241 41.39 392171 16.71
1973 4929021 220 37.58 392188 9.30
1974 4929990 432 101.61 392205 60.86
1975 4930672 344 64.67 392222 68.06
1976 4930751 271 46.93 392238 45.07
1977 4930895 467 121.56 392255 78.58
1978 4931118 179 30.55 392272 23.69
1979 4931202 92 21.32 392288 -3.49
1980 4934410 263 45.37 392313 34.76
1981 4935218 241 41.39 392337 35.40
1982 4938133 224 38.29 392367 40.23
1983 4938364 179 30.55 392388 20.90
1984 4938503 510 148.47 392404 79.34
1985 4939188 280 48.67 392422 42.49
1986 4939245 295 51.75 392438 43.35
1987 4939690 193 32.84 392455 31.86
1988 4940138 280 48.67 392472 42.49
1989 4941100 391 82.35 392490 65.69
1990 4941471 224 38.29 392507 31.86
1991 4941723 192 32.67 392523 20.47
1992 4941986 255 43.96 392539 25.41
1993 4942425 396 85.28 392556 63.44
1994 4943088 289 50.47 392574 24.34
1995 4943219 359 69.86 392591 49.90
1996 4943352 176 30.09 392607 22.19
1997 4943827 368 72.93 392628 60.86
1998 4943993 248 42.69 392644 40.23
1999 4944494 199 33.86 392661 12.09
2000 4944598 679 318.29 392677 108.55
2001 4947078 240 41.21 392698 22.19
2002 4948657 179 30.55 392720 12.84
2003 4949543 280 48.67 392737 22.19
2004 4951572 380 78.12 392762 60.86
2005 4952525 384 80.08 392779 60.86
2006 4952705 472 125.87 392795 75.79
2007 4953332 172 29.49 392814 53.66
2008 4953453 209 35.61 392831 48.94
2009 4958202 335 61.77 392861 47.43
2010 4958605 172 29.49 392878 28.31
2011 4959444 376 76.43 392899 49.37
2012 4960079 271 46.93 392915 20.47
2013 4960785 704 326.52 392933 104.69
2014 4961061 231 39.55 392949 15.74
2015 4962631 195 33.17 392968 19.61
2016 4963740 255 43.96 392987 22.94
2017 4964736 323 58.48 393007 56.24
2018 4965330 199 33.86 393024 0.27
2019 4965450 287 50.23 393040 26.05
2020 4966434 143 25.74 393108 22.94
2021 4966516 412 92.93 393124 57.96
2022 4967038 448 112.41 393142 71.17
2023 4967068 255 43.96 393159 40.23
2024 4968131 271 46.93 393178 37.01
2025 4968334 255 43.96 393246 24.44
2026 4968405 207 35.26 393262 18.00
2027 4969477 199 33.86 393282 34.76
2028 4969519 275 47.73 393298 35.83
2029 4970785 428 101.58 393319 55.27
2030 4971873 252 43.42 393338 16.71
2031 4974471 177 30.25 393365 25.41
2032 4977272 368 72.93 393393 40.23
2033 4978209 478 129.43 393411 64.19
2034 4978809 254 43.77 393432 33.57
2035 4979410 179 30.55 393450 5.43
2036 4979718 135 24.92 393468 3.50
2037 4983386 222 37.96 393501 11.88
2038 4983410 217 37.04 393517 14.35
2039 4983479 206 35.07 393536 14.99
2040 4983537 284 49.41 393552 30.67
2041 4983729 327 59.28 393568 45.07
2042 4983772 238 40.82 393584 32.93
2043 4984544 115 23.18 393605 19.18
2044 4985448 305 53.88 393625 47.97
2045 4986495 268 46.26 393644 43.35
2046 4986611 540 166.11 393661 129.18
2047 4988153 147 26.19 393683 27.34
2048 4988382 179 30.55 393700 19.61
2049 4989944 384 80.08 393722 47.97
2050 4990534 204 34.73 393739 11.88
2051 4991588 248 42.69 393757 16.92
2052 4992021 63 17.91 393778 -20.35
2053 4993165 195 33.17 393796 12.63
2054 4994440 364 71.71 393819 54.09
2055 4996464 248 42.69 393836 19.61
2056 4997147 248 42.69 393858 31.96
2057 4998143 550 172.20 393876 92.66
2058 4998680 259 44.69 393894 24.98
2059 4999391 92 21.32 393912 11.88
2060 5000815 280 48.67 393933 40.23
2061 5003753 454 115.28 393957 70.31
2062 5004097 172 29.49 393974 22.19
2063 5004753 271 46.93 393991 46.04
2064 5005753 195 33.17 394010 40.23
2065 5005928 188 32.01 394026 15.74
2066 5007055 240 41.21 394049 32.18
2067 5007964 280 48.67 394067 31.21
2068 5008316 56 16.76 394086 3.82
2069 5009798 316 56.81 394107 45.07
2070 5010024 216 36.85 394125 16.71
2071 5010780 263 45.37 394143 37.33
2072 5011121 211 35.96 394161 40.99
2073 5012615 97 21.75 394184 9.30
2074 5018385 743 466.23 394228 112.42
2075 5018634 199 33.86 394245 22.19
2076 5018966 199 33.86 394264 10.59
2077 5019433 352 66.89 394282 43.35
2078 5021131 332 61.17 394303 32.18
2079 5024076 167 28.76 394378 18.00
2080 5024352 430 101.41 394398 88.68
2081 5024536 240 41.21 394414 47.97
2082 5025274 300 52.79 394433 27.56
2083 5026036 255 43.96 394452 29.92
2084 5026260 350 66.46 394468 50.55
2085 5027926 312 55.68 394486 31.21
2086 5029015 145 25.96 394511 22.19
2087 5029982 62 17.75 394532 -6.60
2088 5030459 240 41.21 394601 52.59
2089 5033090 206 35.07 394631 20.47
2090 5034171 236 40.44 394652 12.84
2091 5035445 254 43.77 394670 32.18
2092 5036249 158 27.53 394688 12.63
2093 5036302 390 82.70 394704 50.55
2094 5037174 312 55.68 394727 50.55
2095 5039022 248 42.69 394752 19.61
2096 5039837 263 45.37 394771 37.76
2097 5041249 380 78.12 394793 59.03
2098 5041641 280 48.67 394812 31.96
2099 5042403 103 22.23 394831 12.84
2100 5042432 448 112.41 394847 60.86
2101 5042695 364 71.71 394863 63.44
2102 5043138 204 34.73 394883 35.83
2103 5043181 241 41.39 394900 40.23
2104 5044620 222 37.96 394924 27.34
2105 5045293 176 30.09 394948 48.40
2106 5045899 335 61.77 394964 55.38
2107 5046771 531 160.62 394981 71.17
2108 5050324 177 30.25 395021 16.39
2109 5050444 255 43.96 395037 17.46
2110 5052157 337 62.30 395061 42.17
2111 5054675 156 27.28 395084 6.72
2112 5055426 188 32.01 395101 22.19
2113 5056639 295 51.75 395122 37.12
2114 5057225 188 32.01 395140 26.05
2115 5057929 348 65.64 395159 65.69
2116 5058863 280 48.67 395181 40.88
2117 5059959 575 187.30 395201 98.99
2118 5060360 120 23.58 395220 13.38
2119 5060791 227 38.83 395236 18.00
2120 5061211 319 57.64 395255 37.33
2121 5061488 236 40.44 395274 29.92
2122 5062151 275 47.73 395292 31.53
2123 5062389 231 39.55 395309 21.54
2124 5063747 339 62.98 395329 52.59
2125 5063930 527 155.96 395346 91.80
2126 5063976 319 57.64 395362 38.62
2127 5064264 240 41.21 395381 35.62
2128 5064356 159 27.66 395397 13.92
2129 5064455 275 47.73 395415 45.07
2130 5064541 287 50.23 395431 42.17
2131 5066419 192 32.67 395458 18.96
2132 5067193 227 38.83 395478 21.97
2133 5067768 206 35.07 395496 30.67
2134 5067978 199 33.86 395512 14.02
2135 5068048 227 38.83 395531 18.00
2136 5068277 188 32.01 395547 14.99
2137 5068531 390 82.70 395612 43.35
2138 5069692 220 37.58 395636 25.41
2139 5072177 176 30.09 395667 3.82
2140 5073362 271 46.93 395688 32.07
2141 5074068 143 25.74 395707 16.71
2142 5074563 240 41.21 395724 30.67
2143 5075345 227 38.83 395744 26.05
2144 5075894 241 41.39 395761 27.34
2145 5076050 97 21.75 395780 -13.58
2146 5076459 184 31.36 395797 -3.27
2147 5076520 496 144.49 395813 65.69
2148 5077179 294 51.51 395833 53.55
2149 5077916 323 58.48 395858 76.01
2150 5078006 364 71.71 395874 68.59
2151 5078183 198 33.69 395939 32.18
2152 5078704 271 46.93 395958 55.38
2153 5078906 529 156.43 395975 89.22
2154 5079721 225 38.48 395996 30.67
2155 5080446 295 51.75 396013 32.18
2156 5081080 216 36.85 396035 24.44
2157 5081685 127 24.18 396052 -1.02
2158 5083376 88 20.96 396073 0.27
2159 5083626 252 43.42 396091 22.19
2160 5085619 209 35.61 396117 28.20
2161 5086202 305 53.88 396135 51.84
2162 5087897 92 21.32 396159 9.30
2163 5087945 462 120.87 396178 64.19
2164 5089899 455 117.03 396206 89.22
2165 5090485 81 20.25 396223 -1.02
2166 5090750 207 35.26 396241 11.45
2167 5094859 56 16.76 396272 4.79
2168 5095829 184 31.36 396291 20.47
2169 5096501 88 20.96 396311 -2.95
2170 5096733 271 46.93 396327 18.00
2171 5096763 243 41.74 396344 22.94
2172 5096944 270 46.71 396360 31.53
2173 5096970 263 45.37 396376 31.21
2174 5099763 192 32.67 396419 31.21
2175 5100568 396 85.28 396440 69.13
2176 5102055 224 38.29 396462 26.05
2177 5102142 255 43.96 396481 29.92
2178 5102445 255 43.96 396498 38.30
2179 5103220 398 85.63 396517 55.06
2180 5106792 412 92.93 396550 89.22
2181 5108040 396 85.28 396572 64.19
2182 5108867 240 41.21 396593 32.71
2183 5109773 252 43.42 396614 20.47
2184 5111621 518 151.06 396641 82.77
2185 5112112 159 27.66 396657 16.39
2186 5112833 220 37.58 396674 12.20
2187 5113238 359 69.86 396691 62.15
2188 5114867 99 21.91 396720 9.30
2189 5116791 448 112.41 396751 69.45
2190 5117949 521 150.31 396772 73.75
2191 5120616 275 47.73 396813 36.37
2192 5121330 414 93.93 396832 79.87
2193 5123002 280 48.67 396852 28.20
2194 5124629 480 130.21 396876 103.40
2195 5125436 174 29.79 396899 17.68
2196 5129338 268 46.26 396993 55.38
2197 5130575 222 37.96 397018 22.94
2198 5133102 718 366.73 397049 112.42
2199 5133144 319 57.64 397065 73.75
2200 5133217 280 48.67 397083 39.59
2201 5133468 192 32.67 397100 24.44
2202 5133693 263 45.37 397118 45.07
2203 5134180 248 42.69 397137 37.33
2204 5134812 120 23.58 397162 23.15
2205 5134855 440 109.25 397178 64.19
2206 5136326 348 65.64 397198 50.55
2207 5136706 99 21.91 397217 -1.66
2208 5137758 71 19.06 397238 -14.01
2209 5138364 337 62.30 397258 32.18
2210 5140909 207 35.26 397291 41.52
2211 5140953 211 35.96 397307 26.81
2212 5142343 556 174.47 397334 93.09
2213 5142797 344 64.67 397352 40.23
2214 5143938 207 35.26 397425 12.84
2215 5146732 63 17.91 397453 19.61
2216 5148041 135 24.92 397480 -3.92
2217 5149994 419 97.20 397510 50.55
2218 5155113 227 38.83 397560 24.44
2219 5159537 280 48.67 397609 22.19
2220 5159761 271 46.93 397630 43.03
2221 5160130 319 57.64 397647 55.38
2222 5160806 49 15.48 397668 -11.33
2223 5161612 60 17.43 397689 0.92
2224 5163753 255 43.96 397715 20.90
2225 5168499 199 33.86 397756 32.82
2226 5169721 391 82.35 397782 64.19
2227 5171517 319 57.64 397810 45.28
2228 5172039 399 87.30 397834 63.44
2229 5172806 255 43.96 397856 46.68
2230 5173917 531 160.62 397880 81.59
2231 5174921 384 80.08 397906 57.96
2232 5175595 172 29.49 397929 16.71
2233 5176702 304 53.73 397952 48.72
2234 5177949 271 46.93 397975 37.33
2235 5178459 462 120.87 397993 89.43
2236 5178614 312 55.68 398009 42.28
2237 5188247 335 61.77 398087 59.25
2238 5190790 271 46.93 398119 27.56
2239 5191143 344 64.67 398138 59.79
2240 5191661 243 41.74 398159 52.80
2241 5192530 207 35.26 398182 10.59
2242 5193532 231 39.55 398207 32.18
2243 5201568 451 113.08 398273 71.17
2244 5204980 147 26.19 398316 -1.02
2245 5206359 359 69.86 398349 60.21
2246 5209462 579 187.32 398396 110.27
2247 5209791 207 35.26 398414 47.97
2248 5211633 334 61.44 398441 45.07
2249 5212125 216 36.85 398458 14.13
2250 5213994 216 36.85 398489 17.78
2251 5214635 163 28.20 398507 2.10
2252 5218282 199 33.86 398546 16.49
2253 5220348 339 62.98 398579 57.64
2254 5230207 323 58.48 398660 47.97
2255 5231477 96 21.67 398736 7.58
2256 5233383 211 35.96 398766 47.97
2257 5233657 135 24.92 398783 14.13
2258 5233901 518 151.06 398799 71.17
2259 5243629 195 33.17 398898 37.33
2260 5251454 455 117.03 398994 71.39
2261 5259225 280 48.67 399070 23.15
2262 5260219 355 68.30 399092 57.74
2263 5262407 236 40.44 399122 22.94
2264 5272684 280 48.67 399228 40.23
2265 5282552 448 112.41 399323 81.48
2266 5286481 88 20.96 399372 16.71
2267 5297620 224 38.29 399503 16.71
2268 5298332 449 112.05 399529 74.50
2269 5299367 440 109.25 399550 55.06
2270 5306312 127 24.18 399633 2.10
2271 5311304 135 24.92 399702 0.27
2272 5316455 236 40.44 399755 19.61
2273 5319708 108 22.63 399798 -13.91
2274 5323597 316 56.81 399853 33.57
2275 5326962 352 66.89 399898 42.49
2276 5328432 384 80.08 399927 60.86
2277 5332956 344 64.67 400025 31.86
2278 5339571 472 125.87 400111 69.45
2279 5341635 352 66.89 400149 76.87
2280 5359855 284 49.41 400360 9.30
2281 5362350 79 20.03 400397 -24.54
2282 5366987 271 46.93 400462 11.88
2283 5367023 48 15.29 400480 -11.76
2284 5382666 184 31.36 400680 -2.63
2285 5393158 305 53.88 400824 14.13
2286 5393836 48 15.29 400846 -35.18
2287 5399172 224 38.29 400924 -2.09
2288 5400243 312 55.68 400948 25.41
2289 5403130 48 15.29 401012 -34.53
2290 5409189 48 15.29 401095 -34.53
2291 5415209 48 15.29 401194 -30.66
2292 5417304 49 15.48 401229 -34.53
2293 5423040 281 48.90 401328 23.15
2294 5425415 48 15.29 401391 -34.53
2295 5426246 48 15.29 401418 -34.53
2296 5426958 49 15.48 401446 -34.32
2297 5431634 188 32.01 401534 -9.39
2298 5431834 49 15.48 401553 -29.70
2299 5433574 48 15.29 401600 -34.53
2300 5437686 49 15.48 401674 -34.53
2301 5439272 48 15.29 401719 -34.53
2302 5442435 49 15.48 401788 -28.84
2303 5443941 48 15.29 401833 -33.67
2304 5444178 49 15.48 401852 -34.53
2305 5446870 48 15.29 401912 -34.53
2306 5448610 48 15.29 401953 -34.53
2307 5455818 48 15.29 402075 -34.64
2308 5457402 48 15.29 402113 -34.53
2309 5458393 49 15.48 402147 -34.53
2310 5462277 48 15.29 402218 -34.53
2311 5464928 49 15.48 402269 -34.53
2312 5467343 49 15.48 402329 -34.53
2313 5468530 49 15.48 402371 -34.53
2314 5468689 48 15.29 402438 -34.53
2315 5469009 49 15.48 402461 -34.53
2316 5470868 49 15.48 402514 -34.53
2317 5471305 48 15.29 402538 -34.53
2318 5471899 48 15.29 402564 -34.53
2319 5473837 49 15.48 402617 -33.67
2320 5474193 49 15.48 402643 -33.67
2321 5474548 49 15.48 402665 -34.53
2322 5480720 49 15.48 402819 -33.67
2323 5482342 48 15.29 402881 -34.53
2324 5482539 48 15.29 402901 -33.67
2325 5482976 49 15.48 402931 -34.53
2326 5483769 49 15.48 402969 -34.53
2327 5484956 49 15.48 403014 -34.53
2328 5487527 49 15.48 403111 -34.53
2329 5487923 48 15.29 403135 -33.67
2330 5488040 49 15.48 403152 -33.67
2331 5490098 48 15.29 403252 -34.53
2332 5491125 49 15.48 403305 -33.67
2333 5491324 49 15.48 403322 -34.53
2334 5491679 48 15.29 403347 -34.53
2335 5493062 49 15.48 403420 -34.53
2336 5494647 49 15.48 403515 -34.53
2337 5497020 339 62.98 403626 21.97
2338 5498249 49 15.48 403681 -34.53
2339 5501411 51 15.86 403861 -34.53
2340 5501609 49 15.48 403931 -34.53
2341 5502005 49 15.48 403979 -33.67
2342 5502164 49 15.48 404002 -34.53
2343 5502241 51 15.86 404023 -34.53
2344 5503944 49 15.48 404120 -34.53
2345 5506279 49 15.48 404265 -34.53
2346 5507665 49 15.48 404358 -34.53
2347 5508020 56 16.76 404395 -34.53
2348 5509918 49 15.48 404523 -34.53
2349 5511226 49 15.48 404634 -34.53
2350 5511501 51 15.86 404661 -34.53
2351 5511581 49 15.48 404681 -34.53
2352 5512253 51 15.86 404750 -34.53
2353 5513519 49 15.48 404865 -34.53
2354 5513994 51 15.86 404908 -34.53
2355 5517713 49 15.48 405251 -34.53
2356 5519335 49 15.48 405421 -34.53
2357 5520957 49 15.48 405592 -33.67
2358 5521431 49 15.48 405642 -34.53
2359 5524477 49 15.48 405937 -34.53
2360 5524556 49 15.48 405962 -34.53
2361 5526614 49 15.48 406214 -34.53
2362 5526732 49 15.48 406246 -34.53
2363 5526930 56 16.76 406275 -34.53
2364 5528833 51 15.86 406501 -34.53
2365 5530259 51 15.86 406673 -33.67
2366 5536551 49 15.48 407557 -34.53
2367 5537460 51 15.86 407723 -34.53
2368 5541619 51 15.86 408453 -34.53
2369 5542172 51 15.86 408560 -33.67
2370 5543833 51 15.86 408905 -33.67
2371 5545694 51 15.86 409316 -34.53
2372 5546210 51 15.86 409484 -34.53
2373 5548940 51 15.86 410119 -34.53
2374 5549099 49 15.48 410167 -33.67
2375 5549336 49 15.48 410234 -34.53
2376 5554796 51 15.86 411937 -33.67
2377 5555074 51 15.86 412038 -34.53
2378 5556146 51 15.86 412416 -34.53
2379 5557015 51 15.86 412760 -34.53
2380 5559154 51 15.86 413618 -34.53
2381 5562954 54 16.41 415182 -34.53
2382 5562994 56 16.76 415208 -34.53
2383 5568890 56 16.76 417993 -33.03
2384 5569523 54 16.41 418312 -34.53
2385 5572649 51 15.86 419991 -34.53
2386 5574705 51 15.86 421190 -33.67
2387 5580998 56 16.76 425021 -33.03
2388 5582185 51 15.86 425797 -34.53
2389 5582224 51 15.86 425824 -33.67
2390 5586417 56 16.76 428552 -34.21
2391 5587328 54 16.41 429152 -34.53
2392 5594053 54 16.41 433742 -34.32
2393 5595756 56 16.76 434961 -34.21
2394 5604339 56 16.76 441214 -34.32
2395 5608574 56 16.76 444370 -34.42
2396 5609842 56 16.76 445342 -33.99
2397 5610949 56 16.76 446181 -28.41
2398 5645984 56 16.76 477281 -33.56
2399 5651988 56 16.76 482963 -4.24
2400 5666747 56 16.76 497207 -31.20
2401 5893014 56 16.76 723063 42.49
2402 10201240 547 162.22 5005986 126.28
2403 10201610 337 62.30 5006244 120.69
2404 10201697 428 101.58 5006289 178.27
2405 10201928 368 72.93 5006444 184.61
2406 10202057 652 262.10 5006504 140.89
2407 10206677 569 185.56 5010970 129.93
2408 10206695 624 242.54 5010987 137.88
2409 10206741 551 164.56 5011013 117.26
2410 10206870 371 73.82 5011070 177.09
2411 10225627 455 117.03 5025550 111.78
2412 10301423 574 181.47 5084072 108.55
2413 10301530 284 49.41 5084125 85.03
2414 10303395 415 95.00 5085648 64.40
2415 10303927 339 62.98 5085969 90.08
2416 10304102 294 51.51 5086048 146.69
2417 10304606 316 56.81 5086415 148.73
2418 10305894 366 72.41 5087310 158.51
2419 10306107 287 50.23 5087477 109.84
2420 10306166 335 61.77 5087512 137.88
2421 10306212 304 53.73 5087541 135.30
2422 10307035 312 55.68 5088010 155.93
