##########################################################################################
### Pulsi_number Aeg[ms] ADC[0-1023] SiPM[mV] Surnud_aeg[ms] Temperatuur[C]
##########################################################################################
Olen Slave nimega Sassu
1 2778 78 19.92 1 9.30
2 16547 57 16.93 66 2.53
3 33249 60 17.43 88 3.82
4 39636 99 21.91 109 20.47
5 68355 140 25.42 136 29.92
6 91667 83 20.46 156 -0.26
7 97361 159 27.66 174 27.34
8 102720 63 17.91 191 -3.92
9 106098 79 20.03 208 9.30
10 106907 56 16.76 227 -7.78
11 114036 192 32.67 245 81.48
12 134710 49 15.48 265 -6.49
13 137682 143 25.74 281 27.34
14 139743 60 17.43 297 12.63
15 167409 103 22.23 324 27.34
16 171324 67 18.51 341 3.82
17 172153 56 16.76 357 -3.92
18 202910 83 20.46 383 20.47
19 216639 67 18.51 401 13.92
20 217764 280 48.67 417 42.49
21 218977 71 19.06 433 10.59
22 219530 49 15.48 449 -7.46
23 233925 79 20.03 470 9.30
24 242484 99 21.91 488 10.59
25 249720 167 28.76 511 29.92
26 251951 108 22.63 575 19.61
27 269987 49 15.48 601 16.39
28 285647 71 19.06 619 24.44
29 288878 56 16.76 636 9.30
30 294564 56 16.76 654 7.69
31 307461 127 24.18 671 32.18
32 323715 63 17.91 689 6.72
33 334488 51 15.86 705 19.82
34 357183 204 34.73 735 24.44
35 367135 49 15.48 756 3.50
36 372620 79 20.03 773 17.68
37 391005 103 22.23 795 30.67
38 397483 76 19.69 813 7.69
39 407313 56 16.76 831 17.57
40 416949 81 20.25 851 16.71
41 417853 71 19.06 867 1.24
42 435425 419 97.20 885 89.22
43 440078 96 21.67 901 27.34
44 449804 103 22.23 923 27.34
45 450800 56 16.76 939 2.53
46 459205 99 21.91 957 5.43
47 461958 147 26.19 975 26.05
48 464933 63 17.91 992 8.44
49 468896 97 21.75 1008 22.94
50 481301 96 21.67 1027 22.19
51 494936 60 17.43 1048 4.79
52 508702 96 21.67 1066 22.94
53 536818 143 25.74 1089 3.28
54 537124 63 17.91 1105 -10.58
55 547496 385 80.11 1121 81.48
56 558122 60 17.43 1144 1.03
57 558548 88 20.96 1160 -4.88
58 559890 62 17.75 1176 1.03
59 585224 49 15.48 1202 1.24
60 604730 88 20.96 1227 24.12
61 604928 63 17.91 1294 -6.49
62 609436 56 16.76 1312 -3.92
63 625644 76 19.69 1336 -4.13
64 629208 79 20.03 1352 16.71
65 653191 73 19.32 1376 12.63
66 655820 81 20.25 1394 3.82
67 656061 83 20.46 1410 -9.07
68 659500 51 15.86 1427 11.88
69 664311 88 20.96 1443 22.19
70 669813 120 23.58 1461 10.26
71 670749 62 17.75 1477 -1.02
72 678065 216 36.85 1495 35.62
73 679899 63 17.91 1512 -1.02
74 685311 63 17.91 1528 18.00
75 693046 159 27.66 1547 32.18
76 695956 99 21.91 1563 21.97
77 696230 63 17.91 1582 -4.24
78 696390 143 25.74 1598 -1.02
79 704192 99 21.91 1616 16.39
80 721464 103 22.23 1635 19.61
81 727122 163 28.20 1653 30.35
82 738307 65 18.22 1678 3.71
83 743646 92 21.32 1695 22.19
84 745616 63 17.91 1712 7.47
85 756888 159 27.66 1735 22.19
86 757790 56 16.76 1751 1.78
87 763354 56 16.76 1770 2.53
88 772816 71 19.06 1791 -1.02
89 810349 76 19.69 1869 -20.35
90 813239 51 15.86 1885 9.30
91 815822 188 32.01 1901 32.18
92 826538 63 17.91 1920 6.72
93 833811 67 18.51 1939 17.57
94 844986 112 22.94 1961 27.34
95 853003 81 20.25 1979 20.47
96 853915 96 21.67 1995 7.47
97 873144 145 25.96 2016 27.45
98 881214 71 19.06 2035 19.61
99 884969 88 20.96 2052 18.96
100 892293 195 33.17 2069 33.04
101 892788 70 18.93 2085 2.10
102 928807 60 17.43 2113 1.24
103 928954 94 21.50 2130 -16.81
104 942755 304 53.73 2154 43.78
105 954820 192 32.67 2173 42.49
106 955651 63 17.91 2190 -9.07
107 974077 176 30.09 2211 24.44
108 986372 147 26.19 2229 32.71
109 989996 79 20.03 2246 6.83
110 1007842 120 23.58 2272 24.44
111 1010089 56 16.76 2290 -11.33
112 1015378 67 18.51 2311 -2.95
113 1023078 56 16.76 2328 9.30
114 1119759 167 28.76 2375 14.13
115 1128713 76 19.69 2391 24.44
116 1135985 88 20.96 2412 -7.68
117 1139759 67 18.51 2430 -6.71
118 1143629 103 22.23 2449 16.71
119 1160891 364 71.71 2472 65.69
120 1167573 112 22.94 2490 17.78
121 1188878 67 18.51 2563 7.69
122 1190703 51 15.86 2579 5.43
123 1212121 56 16.76 2602 3.71
124 1223507 49 15.48 2622 16.71
125 1237868 135 24.92 2645 0.27
126 1242458 51 15.86 2662 1.13
127 1246236 62 17.75 2679 14.13
128 1255802 88 20.96 2696 11.88
129 1277365 92 21.32 2720 -11.33
130 1304180 318 57.28 2750 65.69
131 1315486 126 24.09 2771 29.92
132 1326115 51 15.86 2793 7.58
133 1326377 143 25.74 2810 3.82
134 1331221 56 16.76 2828 14.02
135 1348515 63 17.91 2849 -3.92
136 1356936 60 17.43 2870 7.04
137 1366657 92 21.32 2889 22.19
138 1366972 71 19.06 2905 -3.92
139 1379048 56 16.76 2922 19.61
140 1393136 76 19.69 2939 24.44
141 1405578 56 16.76 2967 1.03
142 1406204 92 21.32 2983 -1.02
143 1416799 103 22.23 3005 24.12
144 1419608 284 49.41 3021 52.80
145 1429318 112 22.94 3040 27.67
146 1440992 56 16.76 3057 20.25
147 1443446 56 16.76 3073 10.59
148 1461000 51 15.86 3100 13.38
149 1466629 56 16.76 3119 -10.58
150 1474421 71 19.06 3137 9.30
151 1474494 71 19.06 3153 -10.58
152 1476284 56 16.76 3218 -4.13
153 1484601 76 19.69 3239 -1.02
154 1489603 67 18.51 3256 12.84
155 1491542 71 19.06 3272 9.30
156 1492706 62 17.75 3292 7.69
157 1545177 192 32.67 3325 37.33
158 1558812 92 21.32 3350 1.99
159 1584377 63 17.91 3375 16.71
160 1588022 88 20.96 3393 -1.02
161 1614779 65 18.22 3419 -10.58
162 1624477 199 33.86 3438 16.71
163 1650797 97 21.75 3466 20.90
164 1659972 115 23.18 3484 27.34
165 1669236 60 17.43 3506 -3.92
166 1670824 97 21.75 3522 11.02
167 1691901 56 16.76 3548 14.99
168 1695399 99 21.91 3565 22.19
169 1698800 56 16.76 3581 14.13
170 1702669 76 19.69 3601 12.63
171 1712277 103 22.23 3627 -11.33
172 1713933 56 16.76 3646 -8.21
173 1718712 51 15.86 3664 0.27
174 1723106 56 16.76 3683 1.03
175 1751735 63 17.91 3703 22.19
176 1757477 156 27.28 3720 33.47
177 1760430 78 19.92 3738 -2.63
178 1763909 88 20.96 3756 9.08
179 1778965 56 16.76 3775 20.25
180 1779904 199 33.86 3839 16.71
181 1781104 56 16.76 3856 0.92
182 1787339 88 20.96 3875 1.67
183 1793840 49 15.48 3892 15.74
184 1807270 62 17.75 3911 20.90
185 1811083 96 21.67 3930 1.03
186 1811969 115 23.18 3947 -1.02
187 1812051 96 21.67 3966 -10.58
188 1813894 63 17.91 3983 18.96
189 1822366 88 20.96 4003 2.53
190 1853441 63 17.91 4030 14.13
191 1855280 76 19.69 4046 10.37
192 1861943 79 20.03 4066 13.81
193 1889991 67 18.51 4090 14.13
194 1896139 56 16.76 4106 19.72
195 1903604 79 20.03 4128 14.13
196 1904896 60 17.43 4144 1.24
197 1913629 67 18.51 4165 17.57
198 1922686 63 17.91 4187 3.82
199 1937002 97 21.75 4207 26.70
200 1938555 56 16.76 4223 7.58
201 1944949 56 16.76 4239 17.14
202 1949131 143 25.74 4258 12.84
203 1954468 80 20.14 4279 19.61
204 1958257 344 64.67 4296 58.93
205 1964369 195 33.17 4312 45.07
206 1981886 166 28.62 4335 14.13
207 2001052 348 65.64 4358 48.72
208 2001821 63 17.91 4375 -5.63
209 2006432 51 15.86 4392 5.43
210 2012102 127 24.18 4410 37.33
211 2015885 63 17.91 4426 20.90
212 2032519 56 16.76 4452 14.13
213 2036513 108 22.63 4470 20.47
214 2043421 231 39.55 4490 37.33
215 2065855 71 19.06 4565 16.39
216 2073002 70 18.93 4583 -6.49
217 2086092 73 19.32 4602 21.65
218 2086147 105 22.39 4621 -1.02
219 2087568 88 20.96 4637 9.30
220 2100195 88 20.96 4658 11.88
221 2102093 112 22.94 4674 20.47
222 2111153 67 18.51 4691 12.30
223 2115993 131 24.54 4707 29.92
224 2123468 83 20.46 4727 15.74
225 2162668 70 18.93 4755 17.68
226 2175749 56 16.76 4777 17.35
227 2176409 88 20.96 4795 -6.49
228 2178087 56 16.76 4813 -6.60
229 2182004 99 21.91 4830 17.78
230 2182610 131 24.54 4846 12.52
231 2189887 211 35.96 4862 46.68
232 2219590 159 27.66 4887 23.15
233 2239673 92 21.32 4912 7.58
234 2253940 67 18.51 4932 2.53
235 2256984 112 22.94 4949 14.13
236 2260470 428 101.58 4967 78.26
237 2269094 57 16.93 4984 18.00
238 2271545 319 57.64 5001 54.09
239 2271943 83 20.46 5065 10.59
240 2275171 63 17.91 5082 11.88
241 2278252 192 32.67 5098 36.37
242 2302688 224 38.29 5128 40.23
243 2321031 94 21.50 5155 -2.95
244 2323432 96 21.67 5173 14.13
245 2324074 56 16.76 5189 -2.95
246 2330486 108 22.63 5205 27.34
247 2331969 224 38.29 5223 20.90
248 2338660 67 18.51 5241 11.34
249 2339986 184 31.36 5260 24.44
250 2344016 83 20.46 5280 6.72
251 2357094 103 22.23 5302 17.57
252 2374947 70 18.93 5328 3.82
253 2380545 51 15.86 5344 17.68
254 2387173 319 57.64 5362 51.84
255 2389400 51 15.86 5378 12.41
256 2392175 115 23.18 5394 10.59
257 2396694 51 15.86 5410 15.74
258 2407574 131 24.54 5427 24.44
259 2414785 83 20.46 5446 20.47
260 2416619 126 24.09 5462 19.61
261 2432814 63 17.91 5488 -16.81
262 2441467 65 18.22 5509 12.84
263 2452253 70 18.93 5527 22.19
264 2474699 56 16.76 5552 20.90
265 2481786 236 40.44 5573 48.29
266 2482000 73 19.32 5591 -9.18
267 2511994 423 97.36 5617 71.17
268 2514126 60 17.43 5633 16.39
269 2519615 56 16.76 5652 11.88
270 2523438 94 21.50 5669 -1.02
271 2529998 179 30.55 5688 23.15
272 2532903 71 19.06 5704 16.17
273 2542094 135 24.92 5720 34.54
274 2542305 166 28.62 5736 16.71
275 2550500 88 20.96 5753 23.15
276 2554512 71 19.06 5772 -1.02
277 2555375 60 17.43 5789 -9.61
278 2567393 79 20.03 5861 15.74
279 2584770 60 17.43 5880 16.71
280 2586713 56 16.76 5896 -6.28
281 2598900 51 15.86 5917 -13.15
282 2624667 65 18.22 5939 4.79
283 2648618 51 15.86 5963 1.24
284 2661548 60 17.43 5987 3.82
285 2675839 60 17.43 6008 10.16
286 2678488 63 17.91 6024 11.88
287 2680087 176 30.09 6040 27.34
288 2685172 152 26.78 6056 32.18
289 2702714 83 20.46 6080 19.61
290 2702854 176 30.09 6096 12.41
291 2707339 102 22.15 6112 24.44
292 2737403 51 15.86 6135 18.00
293 2744003 78 19.92 6155 11.88
294 2751224 94 21.50 6171 27.34
295 2758151 60 17.43 6194 11.88
296 2759399 88 20.96 6211 -1.02
297 2761899 49 15.48 6228 -3.06
298 2764004 71 19.06 6244 10.59
299 2765234 51 15.86 6308 1.24
300 2772681 286 49.78 6326 34.76
301 2788800 112 22.94 6345 12.63
302 2788846 152 26.78 6361 3.82
303 2800199 103 22.23 6386 11.88
304 2804014 142 25.64 6402 30.67
305 2820627 56 16.76 6425 6.72
306 2822201 158 27.53 6443 6.72
307 2843120 92 21.32 6465 17.68
308 2857466 120 23.58 6490 22.94
309 2858167 192 32.67 6507 19.61
310 2859600 62 17.75 6526 6.72
311 2861021 83 20.46 6542 7.69
312 2865148 204 34.73 6558 41.52
313 2866161 63 17.91 6574 7.69
314 2884556 65 18.22 6595 -7.68
315 2904494 79 20.03 6621 2.53
316 2910091 103 22.23 6638 17.57
317 2910164 60 17.43 6654 -11.33
318 2921941 255 43.96 6671 53.66
319 2933003 112 22.94 6692 42.49
320 2936950 96 21.67 6710 12.20
321 2937779 79 20.03 6726 -1.02
322 2940466 192 32.67 6742 32.18
323 2944223 83 20.46 6759 6.72
324 2962667 76 19.69 6787 -1.02
325 2969147 60 17.43 6804 16.71
326 2972341 96 21.67 6824 12.41
327 2976718 79 20.03 6841 16.71
328 2981654 96 21.67 6859 -0.05
