##########################################################################################
### Pulsi_number Aeg[ms] ADC[0-1023] SiPM[mV] Surnud_aeg[ms] Temperatuur[C]
##########################################################################################
Olen Master nimega Sassu
1 2433 192 32.67 0 136.16
2 3215 79 20.03 13 41.52
3 4134 167 28.76 29 27.56
4 5636 103 22.23 45 19.61
5 8370 243 41.74 61 51.84
6 13142 204 34.73 77 56.99
7 13975 70 18.93 93 16.39
8 15125 481 129.57 109 86.32
9 17118 384 80.08 125 78.58
10 17628 51 15.86 144 18.00
11 23300 140 25.42 160 12.84
12 26101 110 22.78 176 21.11
13 27538 199 33.86 192 55.38
14 28840 305 53.88 208 57.74
15 31190 318 57.28 224 62.15
16 35981 60 17.43 240 22.19
17 37324 268 46.26 256 42.49
18 37748 96 21.67 272 9.30
19 38299 134 24.82 288 7.04
20 43757 142 25.64 304 34.76
21 43919 67 18.51 320 -1.02
22 43972 60 17.43 336 -18.85
23 45355 49 15.48 352 -3.06
24 45529 88 20.96 368 -11.33
25 45803 63 17.91 384 -16.81
26 46921 99 21.91 400 2.53
27 47392 115 23.18 419 1.24
28 47684 102 22.15 435 -6.49
29 53408 63 17.91 451 22.19
30 53698 103 22.23 467 1.24
31 57339 65 18.22 483 16.71
32 60027 143 25.74 499 26.70
