##########################################################################################
### CosmicWatch: The Desktop Muon Detector
### Questions? saxani@mit.edu
### Comp_date Comp_time Event Ardn_time[ms] ADC[0-1023] SiPM[mV] Deadtime[ms] Temp[C] Name
##########################################################################################
Olen Slave nimega Sassu
1 66117 524 150.73 0 22.51
2 103100 199 33.86 16 22.51
3 132465 120 23.58 34 22.72
4 142174 88 20.96 53 22.94
5 280945 67 18.51 71 24.44
6 322729 48 15.29 94 24.44
7 393767 56 16.76 112 24.44
8 417901 102 22.15 131 24.44
9 433944 193 32.84 149 24.44
10 473980 254 43.77 167 24.44
11 574424 225 38.48 186 24.98
12 575362 332 61.17 205 24.44
13 582407 227 38.83 223 24.44
14 583929 103 22.23 242 24.44
15 586498 704 326.52 260 24.44
16 658705 120 23.58 279 24.44
17 662698 71 19.06 298 24.44
18 667216 124 23.92 314 24.44
19 681034 376 76.43 330 24.98
20 731590 224 38.29 346 24.44
21 754151 63 17.91 362 24.98
22 796862 526 158.17 378 24.98
23 836435 312 55.68 397 26.05
24 875170 414 93.93 413 26.05
25 945645 96 21.67 429 26.05
26 1151383 92 21.32 445 26.70
27 1205690 652 262.10 461 26.70
28 1219270 255 43.96 478 26.05
29 1297224 207 35.26 494 26.05
30 1377349 56 16.76 510 26.05
31 1479198 275 47.73 526 26.05
32 1711585 622 244.71 543 24.44
33 1742150 225 38.48 559 24.44
34 1834882 76 19.69 575 24.44
35 2069405 92 21.32 591 24.44
36 2130795 67 18.51 607 24.44
37 2167667 704 326.52 624 26.05
38 2188657 79 20.03 640 24.66
39 2203021 49 15.48 659 24.44
40 2290709 172 29.49 675 24.44
41 2373699 408 90.57 691 24.44
42 2421549 56 16.76 707 24.44
43 2421797 483 132.60 724 24.44
44 2454287 675 317.99 740 26.05
45 2550545 368 72.93 756 24.44
46 2618425 319 57.64 772 24.44
47 2692152 211 35.96 788 24.44
48 2779449 593 187.91 804 24.44
49 2835654 177 30.25 821 24.87
50 2877328 142 25.64 837 24.44
51 3034988 184 31.36 854 24.44
52 3056426 62 17.75 870 24.44
53 3099691 71 19.06 887 24.44
54 3178014 704 326.52 903 24.44
55 3207202 88 20.96 922 24.44
56 3207621 54 16.41 938 24.44
57 3215201 307 54.48 954 24.44
58 3217685 142 25.64 970 24.44
59 3325652 76 19.69 987 24.44
60 3396534 271 46.93 1003 24.44
61 3513784 384 80.08 1020 24.44
62 3560586 227 38.83 1037 24.44
63 3582823 243 41.74 1054 24.44
64 3600079 376 76.43 1071 24.44
65 3607183 167 28.76 1088 24.44
66 3737808 312 55.68 1109 24.44
67 3780870 588 183.26 1126 24.44
68 3793701 159 27.66 1143 24.44
69 3802917 263 45.37 1160 24.44
70 3842615 70 18.93 1177 24.44
71 3887823 207 35.26 1197 24.44
72 3899520 167 28.76 1213 24.44
73 4195288 83 20.46 1229 24.44
74 4206176 167 28.76 1245 24.44
75 4406957 62 17.75 1262 24.44
76 4450642 127 24.18 1279 24.44
77 4455939 403 88.99 1296 24.44
78 4569288 387 81.05 1313 24.44
79 4587831 435 104.92 1329 24.44
80 4712896 451 113.08 1345 24.44
81 4737769 263 45.37 1362 24.44
82 4790506 140 25.42 1379 24.44
83 4834447 147 26.19 1396 24.66
84 4848967 56 16.76 1413 24.44
85 4852574 241 41.39 1430 24.44
86 4924656 92 21.32 1447 24.44
87 4925216 719 344.94 1466 24.44
88 4964490 163 28.20 1482 24.98
89 4984289 195 33.17 1499 24.44
90 5055795 323 58.48 1515 24.44
91 5062077 419 97.20 1532 24.44
92 5190195 83 20.46 1548 24.44
