##########################################################################################
### CosmicWatch: The Desktop Muon Detector
### Questions? saxani@mit.edu
### Comp_date Comp_time Event Ardn_time[ms] ADC[0-1023] SiPM[mV] Deadtime[ms] Temp[C] Name
##########################################################################################
Olen Slave nimega Sassu
1 1620 192 32.67 0 19.61
2 2230 783 633.54 15 19.61
3 9468 271 46.93 33 19.61
4 9501 135 24.92 51 19.61
5 9797 140 25.42 69 19.61
6 18386 243 41.74 87 19.61
7 18664 476 129.76 110 19.61
8 20279 216 36.85 128 19.61
9 20497 467 121.56 147 20.04
10 27135 519 154.30 166 19.61
11 27640 143 25.74 190 19.61
12 33799 423 97.36 209 19.72
13 37770 97 21.75 227 20.15
14 44746 384 80.08 245 20.58
15 46255 271 46.93 263 20.90
16 47605 142 25.64 282 20.90
17 54357 371 73.82 301 20.90
18 55053 126 24.09 317 20.90
19 56478 617 223.47 333 20.90
20 60089 423 97.36 349 20.90
21 62053 199 33.86 365 20.90
22 62368 115 23.18 381 20.90
23 64076 159 27.66 397 20.90
24 64413 220 37.58 416 20.90
25 67141 184 31.36 432 20.90
26 68436 224 38.29 448 20.90
27 69133 207 35.26 464 20.90
28 70743 385 80.11 480 20.90
29 71122 81 20.25 496 20.90
30 72319 240 41.21 512 20.90
31 81396 327 59.28 528 20.90
32 82245 476 129.76 544 20.90
33 83402 319 57.64 560 20.90
34 83648 291 50.97 576 20.90
35 85155 207 35.26 592 20.90
36 85343 96 21.67 608 20.90
37 86773 334 61.44 624 20.90
38 89374 112 22.94 640 20.90
39 90130 127 24.18 656 20.90
40 95092 204 34.73 672 20.90
41 97665 344 64.67 691 20.90
42 100232 344 64.67 707 21.33
43 103723 291 50.97 723 21.33
44 107405 481 129.57 739 21.54
45 111403 511 149.39 755 21.54
46 113732 415 95.00 771 21.54
47 115095 231 39.55 787 21.76
48 116320 451 113.08 803 21.76
49 123266 206 35.07 819 21.97
50 123902 227 38.83 835 22.19
51 126193 192 32.67 851 22.19
52 128027 166 28.62 867 22.19
53 130355 204 34.73 883 22.19
54 131123 755 529.80 899 22.19
55 136503 483 132.60 915 22.19
56 139286 176 30.09 932 22.19
57 141710 700 294.28 951 22.19
58 142203 334 61.44 967 22.19
59 144100 512 144.44 983 22.19
60 146545 152 26.78 999 22.19
61 146613 63 17.91 1015 22.19
62 147045 444 109.09 1031 22.19
63 148123 71 19.06 1047 22.19
64 152640 184 31.36 1063 22.19
65 157576 135 24.92 1079 22.19
66 159736 280 48.67 1096 22.19
67 162912 583 201.26 1113 22.19
68 163127 185 31.51 1130 22.19
69 167381 120 23.58 1146 22.19
70 168182 255 43.96 1163 22.19
71 169302 62 17.75 1179 22.19
72 170048 199 33.86 1196 22.19
73 171543 152 26.78 1215 22.19
74 173987 199 33.86 1231 22.19
75 176792 184 31.36 1247 22.19
76 176975 344 64.67 1263 22.19
77 182006 83 20.46 1279 22.19
78 182795 335 61.77 1295 22.19
79 187508 220 37.58 1311 22.19
80 188189 615 227.36 1327 22.19
81 194865 295 51.75 1343 22.19
82 205862 428 101.58 1359 22.19
83 207607 124 23.92 1375 22.19
84 208708 243 41.74 1392 22.19
85 210867 391 82.35 1409 22.19
86 210901 337 62.30 1425 22.19
87 211761 327 59.28 1441 22.19
88 213277 463 119.23 1457 22.19
89 216724 451 113.08 1476 22.19
90 218656 177 30.25 1492 22.19
91 220391 268 46.26 1508 22.19
92 221805 268 46.26 1525 22.19
93 223123 280 48.67 1542 22.19
94 224309 231 39.55 1559 22.19
95 225506 70 18.93 1576 22.19
96 229116 512 144.44 1593 22.19
97 231188 204 34.73 1609 22.19
98 232852 344 64.67 1625 22.19
99 234368 152 26.78 1641 22.19
100 249263 227 38.83 1657 22.19
101 249484 207 35.26 1674 22.19
102 252104 512 144.44 1690 22.19
103 252701 143 25.74 1706 22.19
104 254511 112 22.94 1722 22.19
105 254584 240 41.21 1742 22.19
106 254956 270 46.71 1759 22.19
107 256033 291 50.97 1775 22.19
108 256284 240 41.21 1792 22.19
109 256419 60 17.43 1809 22.19
110 256476 319 57.64 1825 22.19
111 259645 312 55.68 1841 22.19
112 264309 131 24.54 1858 22.19
113 266022 252 43.42 1875 22.19
114 277703 472 125.87 1892 22.19
115 279201 184 31.36 1909 22.29
116 280929 550 172.20 1925 22.19
117 282849 679 318.29 1942 22.19
118 283641 263 45.37 1958 22.29
119 284007 152 26.78 1975 22.19
120 285650 526 158.17 1994 22.19
121 286142 243 41.74 2011 22.29
122 286167 316 56.81 2027 22.29
123 290086 334 61.44 2043 22.19
124 302024 280 48.67 2059 22.51
125 303182 639 249.88 2076 22.51
126 305500 224 38.29 2092 22.40
127 305746 145 25.96 2109 22.51
128 311367 192 32.67 2125 22.51
129 311393 287 50.23 2141 22.51
130 314305 396 85.28 2157 22.51
131 318530 177 30.25 2173 22.51
132 321214 385 80.11 2189 22.51
133 322167 353 67.64 2205 22.51
134 323414 121 23.66 2221 22.51
135 325195 327 59.28 2238 22.51
136 325252 558 172.78 2258 22.51
137 330509 335 61.77 2274 22.51
138 332607 184 31.36 2290 22.51
139 334275 352 66.89 2307 22.51
140 338047 248 42.69 2324 22.51
141 338518 57 16.93 2341 22.51
142 338583 440 109.25 2362 22.51
143 345662 384 80.08 2379 22.51
144 346074 384 80.08 2396 22.51
145 349431 504 143.61 2413 22.51
146 349822 583 201.26 2430 22.51
147 351509 271 46.93 2446 22.51
148 353364 380 78.12 2463 22.51
149 353482 76 19.69 2479 22.51
150 353780 199 33.86 2495 22.51
151 360365 414 93.93 2514 22.51
152 362899 316 56.81 2531 22.51
153 366719 112 22.94 2547 22.51
154 367100 600 203.87 2564 22.51
155 371723 497 142.37 2580 22.51
156 371970 335 61.77 2597 22.94
157 379618 295 51.75 2613 22.72
158 380085 152 26.78 2630 22.94
159 383439 206 35.07 2646 23.15
160 386568 391 82.35 2662 22.94
161 387343 252 43.42 2678 23.15
162 392246 504 143.61 2695 22.94
163 392513 652 262.10 2712 22.94
164 397497 216 36.85 2728 22.72
165 397944 417 95.20 2745 23.15
166 400204 231 39.55 2761 23.15
167 401240 147 26.19 2781 22.94
168 406538 177 30.25 2798 23.15
169 407027 159 27.66 2814 23.15
170 408210 192 32.67 2830 23.15
171 409300 519 154.30 2847 22.94
172 410869 224 38.29 2864 23.15
173 412441 67 18.51 2881 23.15
174 415287 326 59.13 2898 23.15
175 416839 206 35.07 2915 23.15
176 417366 423 97.36 2931 23.15
177 421735 216 36.85 2947 23.15
178 421905 51 15.86 2964 23.15
179 434638 527 155.96 2980 23.15
180 436418 255 43.96 2997 23.15
181 437223 476 129.76 3014 23.15
182 438157 163 28.20 3033 23.15
183 448313 62 17.75 3049 23.15
184 450486 344 64.67 3066 23.15
185 452125 483 132.60 3082 23.15
186 457753 591 188.65 3099 23.15
187 457810 691 332.16 3116 23.15
188 458489 135 24.92 3132 23.15
189 459366 472 125.87 3148 23.15
190 461179 335 61.77 3165 23.15
191 465362 487 132.65 3181 23.15
192 472100 350 66.46 3198 23.15
193 472483 51 15.86 3215 23.15
194 472585 192 32.67 3231 23.15
195 481642 120 23.58 3247 23.15
196 485260 216 36.85 3264 23.15
197 487271 487 132.65 3280 23.15
198 488392 216 36.85 3300 23.15
199 492415 295 51.75 3316 23.15
200 498025 414 93.93 3333 23.15
201 499107 167 28.76 3349 23.15
202 499410 231 39.55 3366 23.15
203 501790 312 55.68 3383 23.15
204 502229 268 46.26 3400 23.15
205 503553 415 95.00 3417 23.15
206 506961 496 144.49 3434 23.15
207 507495 188 32.01 3451 23.15
208 510524 504 143.61 3467 23.15
209 510883 184 31.36 3484 23.15
210 513955 167 28.76 3500 23.15
211 515973 179 30.55 3517 23.15
212 526100 236 40.44 3533 23.15
213 527538 81 20.25 3553 23.15
214 535614 307 54.48 3570 23.15
215 537254 415 95.00 3587 23.15
216 538710 48 15.29 3603 23.15
217 541068 60 17.43 3619 23.15
218 542428 281 48.90 3636 23.15
219 544994 120 23.58 3653 23.15
220 546587 748 436.69 3670 23.15
221 546647 248 42.69 3687 23.15
222 550415 369 73.42 3704 23.15
223 556169 531 160.62 3720 23.15
224 560296 615 227.36 3737 23.15
225 560357 167 28.76 3754 23.15
226 561925 199 33.86 3770 23.15
227 567341 152 26.78 3786 23.15
228 572473 563 181.65 3802 23.15
229 576706 88 20.96 3822 23.15
230 576860 83 20.46 3838 23.15
231 577960 204 34.73 3854 23.15
232 577987 284 49.41 3870 23.15
233 583135 179 30.55 3886 23.15
234 585738 440 109.25 3902 23.15
235 590314 304 53.73 3918 23.15
236 592767 344 64.67 3934 23.15
237 595202 184 31.36 3950 23.15
238 596549 163 28.20 3966 23.15
239 597492 56 16.76 3983 23.15
240 601127 127 24.18 3999 23.15
241 609127 224 38.29 4016 23.15
242 614043 167 28.76 4033 23.15
243 615391 192 32.67 4050 23.15
244 623071 230 39.39 4069 23.15
245 636047 192 32.67 4086 23.15
246 636885 583 201.26 4102 23.15
247 637739 231 39.55 4118 23.15
248 640936 316 56.81 4134 23.15
249 642453 224 38.29 4150 23.15
250 644410 508 144.95 4167 23.15
251 645380 352 66.89 4184 23.15
252 645759 216 36.85 4200 23.15
253 647337 220 37.58 4216 23.15
254 647713 147 26.19 4232 23.15
255 649071 152 26.78 4248 23.48
256 649399 377 76.28 4264 23.48
257 654318 206 35.07 4280 23.15
258 655485 195 33.17 4296 23.15
259 656568 455 117.03 4312 23.15
260 659513 323 58.48 4332 23.48
261 663550 241 41.39 4348 23.15
262 672169 480 130.21 4365 23.15
263 673377 241 41.39 4382 23.48
264 676081 263 45.37 4399 23.58
265 678446 408 90.57 4416 23.48
266 693794 78 19.92 4432 23.48
267 695556 711 380.66 4448 23.48
268 697444 408 90.57 4464 23.48
269 699782 588 183.26 4480 23.15
270 709629 312 55.68 4496 23.80
271 710228 172 29.49 4512 24.12
272 712179 159 27.66 4528 23.80
273 715021 263 45.37 4544 23.80
274 715968 131 24.54 4561 24.12
275 716929 241 41.39 4580 23.80
276 719449 273 47.25 4597 23.80
277 720661 327 59.28 4614 23.80
278 720820 255 43.96 4631 23.80
279 720973 238 40.82 4647 23.80
280 721072 284 49.41 4664 23.80
281 725820 536 160.18 4680 23.48
282 729781 591 188.65 4697 23.48
283 731043 401 87.91 4714 23.48
284 732849 204 34.73 4730 23.80
285 735638 494 141.37 4747 23.80
286 736417 432 101.61 4764 23.80
287 739639 192 32.67 4780 23.15
288 740959 348 65.64 4797 23.15
289 741315 323 58.48 4813 23.80
290 742033 159 27.66 4832 23.80
291 744947 209 35.61 4848 24.12
292 755870 225 38.48 4864 23.80
293 757535 280 48.67 4881 24.12
294 761523 287 50.23 4898 24.12
295 762095 184 31.36 4915 24.12
296 764307 166 28.62 4931 24.12
297 765223 127 24.18 4948 24.12
298 767323 302 53.30 4964 23.80
299 769919 198 33.69 4981 24.12
300 773976 316 56.81 4997 24.12
301 775587 384 80.08 5013 24.23
302 783068 480 130.21 5030 24.12
303 785995 147 26.19 5047 23.91
304 788721 103 22.23 5064 24.12
305 789692 120 23.58 5080 24.12
306 791125 135 24.92 5099 24.23
307 791388 280 48.67 5116 24.12
308 792227 323 58.48 5133 24.12
309 797244 376 76.43 5149 24.34
310 799934 615 227.36 5165 24.12
311 800617 255 43.96 5182 24.23
312 802716 335 61.77 5198 24.12
313 803198 99 21.91 5214 24.12
314 807191 391 82.35 5230 24.12
315 807229 671 277.06 5246 24.23
316 807692 323 58.48 5262 24.12
317 809500 224 38.29 5278 24.12
318 813155 140 25.42 5295 24.23
319 814515 209 35.61 5312 24.23
320 818157 176 30.09 5328 24.23
321 826123 120 23.58 5347 24.12
322 827359 152 26.78 5364 24.12
323 830340 167 28.76 5380 24.23
324 831539 199 33.86 5397 24.12
325 836188 408 90.57 5413 24.12
326 836811 176 30.09 5429 24.12
327 839192 369 73.42 5445 24.12
328 842526 231 39.55 5462 24.12
329 845257 67 18.51 5479 24.12
330 845831 307 54.48 5496 24.12
331 846346 188 32.01 5512 24.23
332 848486 455 117.03 5529 24.12
333 851740 120 23.58 5546 24.12
334 853064 295 51.75 5563 24.23
335 853420 312 55.68 5584 24.12
336 854828 92 21.32 5601 24.12
337 855472 472 125.87 5621 24.12
338 859565 176 30.09 5637 24.12
339 860437 199 33.86 5653 24.44
340 863017 291 50.97 5669 24.12
341 869664 302 53.30 5686 24.44
342 873430 271 46.93 5703 24.12
343 877795 396 85.28 5720 24.34
344 878096 255 43.96 5737 24.44
345 883721 364 71.71 5753 24.44
346 890897 176 30.09 5769 24.44
347 892951 147 26.19 5785 24.34
348 893342 147 26.19 5802 24.34
349 896056 294 51.51 5818 24.34
350 897889 198 33.69 5835 24.34
351 897938 632 232.56 5852 24.34
352 899213 252 43.42 5871 24.44
353 899758 319 57.64 5888 24.44
354 900170 140 25.42 5904 24.44
355 902585 204 34.73 5921 24.44
356 902834 624 242.54 5938 24.44
357 906099 369 73.42 5954 24.34
358 907662 54 16.41 5971 24.44
359 912943 652 262.10 5987 24.44
360 920629 515 147.53 6004 24.44
361 920828 344 64.67 6021 24.44
362 924324 273 47.25 6037 24.44
363 928050 508 144.95 6054 24.34
364 932022 124 23.92 6071 24.34
365 934835 380 78.12 6088 24.34
366 935169 159 27.66 6104 24.44
367 937818 192 32.67 6120 24.12
368 938693 167 28.76 6139 24.34
369 938713 159 27.66 6155 24.23
370 942063 323 58.48 6171 24.34
371 942755 127 24.18 6188 24.34
372 947223 414 93.93 6204 24.34
373 948747 225 38.48 6220 24.34
374 949033 515 147.53 6236 24.44
375 950234 248 42.69 6252 24.23
376 951531 312 55.68 6269 24.44
377 951794 339 62.98 6285 24.44
378 962736 159 27.66 6301 24.44
379 966679 271 46.93 6317 24.44
380 969171 140 25.42 6334 24.34
381 971830 227 38.83 6351 24.44
382 973873 152 26.78 6368 24.34
383 978801 92 21.32 6388 24.34
384 981793 327 59.28 6404 24.44
385 982868 255 43.96 6420 24.44
386 983482 176 30.09 6436 24.44
387 984867 167 28.76 6452 24.34
388 985101 120 23.58 6468 24.44
389 987479 211 35.96 6484 24.44
390 989414 496 144.49 6500 24.44
391 991127 463 119.23 6517 24.34
392 991303 124 23.92 6534 24.44
393 993860 115 23.18 6550 24.44
394 993952 227 38.83 6567 24.44
395 994168 391 82.35 6583 24.44
396 996426 319 57.64 6599 24.44
397 1002027 255 43.96 6615 24.44
398 1003544 312 55.68 6631 24.44
399 1008132 192 32.67 6650 24.44
400 1009711 127 24.18 6667 24.44
401 1014046 483 132.60 6684 24.34
402 1024091 476 129.76 6701 24.01
403 1024262 216 36.85 6718 24.44
404 1031586 188 32.01 6734 24.44
405 1035204 384 80.08 6751 24.44
406 1039266 243 41.74 6768 24.44
407 1042409 263 45.37 6785 24.44
408 1045638 156 27.28 6802 24.44
409 1047947 339 62.98 6819 24.44
410 1048307 284 49.41 6836 24.44
411 1049472 352 66.89 6853 24.44
412 1050829 380 78.12 6870 24.34
413 1053530 156 27.28 6887 24.44
414 1060569 572 183.73 6907 24.44
415 1060836 415 95.00 6924 24.44
416 1064844 248 42.69 6940 24.44
417 1066048 263 45.37 6957 24.44
418 1067658 163 28.20 6974 24.44
419 1067866 167 28.76 6991 24.44
420 1068396 147 26.19 7007 24.44
421 1070807 81 20.25 7023 24.44
422 1071545 224 38.29 7040 24.44
423 1076500 353 67.64 7057 24.44
424 1077304 158 27.53 7074 24.44
425 1078182 472 125.87 7090 24.44
426 1089354 207 35.26 7107 24.44
427 1094013 339 62.98 7124 24.44
428 1100494 56 16.76 7141 24.44
429 1101501 775 556.41 7161 24.44
430 1107693 156 27.28 7178 24.44
431 1109760 319 57.64 7195 24.44
432 1110817 435 104.92 7212 24.44
433 1116142 207 35.26 7229 24.44
434 1117555 163 28.20 7246 24.44
435 1118003 291 50.97 7263 24.44
436 1119169 335 61.77 7280 24.44
437 1120882 124 23.92 7297 24.44
438 1127023 508 144.95 7314 24.44
439 1131255 204 34.73 7331 24.44
440 1132356 236 40.44 7348 24.44
441 1137299 527 155.96 7365 24.44
442 1140571 655 252.34 7382 24.44
443 1140962 615 227.36 7399 24.44
444 1141126 313 56.02 7418 24.44
445 1144703 99 21.91 7434 24.44
446 1153206 159 27.66 7451 24.44
447 1155917 504 143.61 7468 24.44
448 1165368 499 141.24 7485 24.44
449 1165465 224 38.29 7502 24.44
450 1171062 167 28.76 7519 24.44
451 1175030 280 48.67 7536 24.44
452 1175970 159 27.66 7553 24.44
453 1176660 163 28.20 7569 24.44
454 1180011 174 29.79 7585 24.44
455 1180398 327 59.28 7602 24.44
456 1180688 326 59.13 7618 24.44
457 1183765 318 57.28 7634 24.44
458 1185161 743 466.23 7651 24.44
459 1185202 113 23.02 7671 24.44
460 1185725 216 36.85 7687 24.44
461 1192278 423 97.36 7703 24.44
462 1202063 352 66.89 7720 24.44
463 1202142 263 45.37 7737 24.44
464 1203460 510 148.47 7754 24.44
465 1205803 192 32.67 7771 24.44
466 1206265 216 36.85 7788 24.44
467 1207901 515 147.53 7804 24.44
468 1209455 254 43.77 7821 24.44
469 1214112 515 147.53 7838 24.44
470 1219161 199 33.86 7855 24.44
471 1220006 207 35.26 7872 24.44
472 1225697 51 15.86 7888 24.44
473 1228817 184 31.36 7905 24.44
474 1229237 384 80.08 7924 24.44
475 1230846 209 35.61 7940 24.44
476 1233842 366 72.41 7957 24.44
477 1234901 284 49.41 7974 24.44
478 1235059 632 232.56 7991 24.44
479 1236573 366 72.41 8007 24.44
480 1239169 204 34.73 8024 24.44
481 1239636 371 73.82 8041 24.44
482 1241237 238 40.82 8057 24.44
483 1243112 225 38.48 8074 24.44
484 1243621 287 50.23 8091 24.44
485 1246349 472 125.87 8107 24.44
486 1249366 240 41.21 8124 24.34
487 1249898 262 45.24 8141 24.44
488 1255027 384 80.08 8158 24.44
489 1257901 153 26.90 8177 24.44
490 1260650 124 23.92 8194 24.44
491 1261481 79 20.03 8211 24.44
492 1263891 496 144.49 8227 24.44
493 1265196 355 68.30 8244 24.44
494 1265835 263 45.37 8260 24.44
495 1268086 227 38.83 8277 24.44
496 1268220 339 62.98 8294 24.44
497 1271522 467 121.56 8310 24.44
498 1272070 179 30.55 8327 24.44
499 1272333 300 52.79 8343 24.44
500 1273097 67 18.51 8359 24.44
501 1274915 243 41.74 8375 24.44
502 1276132 153 26.90 8392 24.44
503 1277051 145 25.96 8409 24.44
504 1277375 115 23.18 8429 24.44
505 1278963 135 24.92 8445 24.44
506 1284443 199 33.86 8462 24.44
507 1285176 199 33.86 8478 24.44
508 1287508 131 24.54 8494 24.44
509 1287683 252 43.42 8511 24.44
510 1290657 140 25.42 8527 24.44
511 1291334 207 35.26 8544 24.44
512 1296193 423 97.36 8560 24.44
513 1296676 147 26.19 8576 24.44
514 1300770 152 26.78 8592 24.44
515 1303909 300 52.79 8609 24.44
516 1307303 188 32.01 8626 24.44
517 1311986 71 19.06 8642 24.44
518 1316856 529 156.43 8659 24.44
519 1319440 319 57.64 8679 24.44
520 1319608 771 600.02 8696 24.44
521 1320776 176 30.09 8712 24.44
522 1322075 248 42.69 8729 24.44
523 1322256 248 42.69 8746 24.34
524 1322519 184 31.36 8763 24.44
525 1322550 134 24.82 8780 24.44
526 1330112 177 30.25 8797 24.44
527 1330313 192 32.67 8818 24.44
528 1333665 600 203.87 8835 24.44
529 1333732 240 41.21 8852 24.44
530 1338292 280 48.67 8869 24.44
531 1342389 108 22.63 8886 24.44
532 1343110 609 211.41 8903 24.44
533 1343444 323 58.48 8919 24.44
534 1347247 99 21.91 8938 24.44
535 1347311 199 33.86 8955 24.44
536 1348391 195 33.17 8971 24.44
537 1356321 207 35.26 8988 24.44
538 1358129 159 27.66 9005 24.44
539 1358742 263 45.37 9022 24.44
540 1362910 419 97.20 9039 24.44
541 1364907 384 80.08 9056 24.44
542 1366081 671 277.06 9073 24.44
543 1368253 268 46.26 9090 24.44
544 1375578 368 72.93 9107 24.44
545 1377363 172 29.49 9124 24.44
546 1378785 199 33.86 9141 24.44
547 1380656 448 112.41 9158 24.44
548 1382221 451 113.08 9175 24.44
549 1384682 497 142.37 9195 24.44
550 1385282 387 81.05 9212 24.44
551 1386513 263 45.37 9228 24.44
552 1389412 319 57.64 9245 24.44
553 1390700 248 42.69 9262 24.44
554 1390830 319 57.64 9279 24.44
555 1393127 135 24.92 9295 24.44
556 1396450 56 16.76 9312 24.44
557 1397078 353 67.64 9329 24.44
558 1407097 108 22.63 9345 24.44
559 1413774 455 117.03 9362 24.44
560 1416734 179 30.55 9379 24.44
561 1416883 316 56.81 9396 24.44
562 1418796 207 35.26 9412 24.44
563 1425130 96 21.67 9429 24.44
564 1427565 391 82.35 9449 24.44
565 1427866 273 47.25 9466 24.44
566 1430182 536 160.18 9483 24.44
567 1430347 163 28.20 9500 24.44
568 1431169 176 30.09 9517 24.44
569 1433200 63 17.91 9533 24.44
570 1433337 368 72.93 9550 24.44
571 1434361 679 318.29 9566 24.44
572 1436324 273 47.25 9583 24.44
573 1441157 99 21.91 9600 24.44
574 1441501 339 62.98 9617 24.44
575 1443369 295 51.75 9633 24.44
576 1443803 444 109.09 9650 24.44
577 1445142 359 69.86 9666 24.44
578 1445638 620 217.12 9682 24.44
579 1454890 486 135.98 9701 24.44
580 1462078 332 61.17 9718 24.44
581 1468945 280 48.67 9735 24.44
582 1470644 192 32.67 9752 24.44
583 1473955 275 47.73 9769 24.44
584 1474369 408 90.57 9786 24.44
585 1477052 734 439.08 9802 24.44
586 1479540 510 148.47 9819 24.44
587 1480851 376 76.43 9836 24.44
588 1486481 312 55.68 9853 24.44
589 1488790 62 17.75 9870 24.44
590 1495744 216 36.85 9887 24.44
591 1496332 184 31.36 9904 24.44
592 1498302 184 31.36 9920 24.44
593 1499056 99 21.91 9937 24.44
594 1499199 359 69.86 9956 24.44
595 1505495 216 36.85 9972 24.44
596 1506253 312 55.68 9989 24.44
597 1506539 166 28.62 10005 24.44
598 1506892 199 33.86 10022 24.44
599 1507333 230 39.39 10038 24.44
600 1511732 609 211.41 10055 24.44
601 1516483 255 43.96 10072 24.44
602 1519112 120 23.58 10089 24.44
603 1522549 560 175.34 10106 24.44
604 1523301 131 24.54 10123 24.44
605 1529014 179 30.55 10140 24.44
606 1530624 131 24.54 10157 24.44
607 1531805 184 31.36 10174 24.44
608 1532099 179 30.55 10191 24.44
609 1534664 760 464.80 10210 24.44
610 1538575 216 36.85 10227 24.44
611 1541225 172 29.49 10244 24.44
612 1547212 359 69.86 10261 24.44
613 1550905 159 27.66 10277 24.44
614 1552375 295 51.75 10294 24.44
615 1556808 432 101.61 10311 24.44
616 1562751 312 55.68 10328 24.44
617 1562939 222 37.96 10345 24.44
618 1563080 408 90.57 10361 24.44
619 1563500 156 27.28 10377 24.44
620 1564731 167 28.76 10393 24.44
621 1564766 167 28.76 10410 24.44
622 1564916 152 26.78 10426 24.44
623 1565860 304 53.73 10445 24.44
624 1567261 352 66.89 10461 24.44
625 1569852 207 35.26 10478 24.44
626 1574236 536 160.18 10495 24.44
627 1575991 167 28.76 10512 24.44
628 1576905 583 201.26 10529 24.44
629 1581078 255 43.96 10545 24.44
630 1582524 472 125.87 10562 24.44
631 1583001 199 33.86 10579 24.44
632 1584133 736 412.77 10595 24.44
633 1587173 161 27.93 10612 24.44
634 1589954 176 30.09 10629 24.44
635 1591048 271 46.93 10646 24.44
636 1596920 591 188.65 10663 24.44
637 1601945 355 68.30 10680 24.44
638 1603132 531 160.62 10699 24.44
639 1605195 216 36.85 10716 24.44
640 1606551 448 112.41 10733 24.44
641 1616800 184 31.36 10750 24.44
642 1617956 99 21.91 10767 24.44
643 1620006 263 45.37 10784 24.44
644 1620575 280 48.67 10801 24.44
645 1622978 353 67.64 10818 24.44
646 1624749 302 53.30 10835 24.44
647 1631135 167 28.76 10852 24.44
648 1634778 775 556.41 10869 24.44
649 1638901 480 130.21 10886 24.44
650 1644316 295 51.75 10903 24.44
651 1646605 112 22.94 10920 24.44
652 1648436 172 29.49 10940 24.44
653 1649625 248 42.69 10957 24.44
654 1650452 167 28.76 10974 24.44
655 1651003 408 90.57 10991 24.44
656 1652650 220 37.58 11007 24.44
657 1654154 240 41.21 11024 24.44
658 1662952 312 55.68 11041 24.44
659 1663190 143 25.74 11058 24.44
660 1664133 184 31.36 11075 24.44
661 1666504 231 39.55 11091 24.44
662 1667724 140 25.42 11108 24.44
663 1668583 51 15.86 11125 24.44
664 1670088 440 109.25 11141 24.44
665 1674484 312 55.68 11158 24.44
666 1674625 179 30.55 11175 24.44
667 1675017 103 22.23 11194 24.44
668 1678633 428 101.58 11210 24.44
669 1679729 135 24.92 11227 24.44
670 1683008 159 27.66 11244 24.44
671 1688885 207 35.26 11261 24.44
672 1694272 307 54.48 11278 24.44
673 1695156 519 154.30 11295 24.44
674 1696899 508 144.95 11312 24.44
675 1697450 396 85.28 11329 24.44
676 1698234 496 144.49 11345 24.44
677 1698897 350 66.46 11362 24.44
678 1699781 174 29.79 11378 24.44
679 1707997 472 125.87 11394 24.44
680 1708234 238 40.82 11411 24.44
681 1709213 412 92.93 11431 24.44
682 1717117 216 36.85 11447 24.44
683 1720995 152 26.78 11464 24.44
684 1721478 206 35.07 11481 24.44
685 1728490 199 33.86 11497 24.44
686 1732140 79 20.03 11514 24.44
687 1732329 135 24.92 11531 24.44
688 1734843 51 15.86 11548 24.44
689 1736953 542 168.67 11565 24.44
690 1739757 112 22.94 11582 24.44
691 1741185 312 55.68 11599 24.44
692 1744004 236 40.44 11616 24.44
693 1748117 504 143.61 11633 24.44
694 1753065 355 68.30 11650 24.44
695 1753114 588 183.26 11667 24.44
696 1754627 600 203.87 11687 24.44
697 1758565 176 30.09 11704 24.44
698 1760931 280 48.67 11721 24.44
699 1762650 335 61.77 11738 24.44
700 1768833 142 25.64 11755 24.44
701 1777131 120 23.58 11772 24.44
702 1777969 408 90.57 11789 24.44
703 1787905 419 97.20 11805 24.44
704 1790244 472 125.87 11822 24.44
705 1792463 359 69.86 11839 24.44
706 1792766 217 37.04 11856 24.44
707 1804303 327 59.28 11872 24.44
708 1806001 403 88.99 11889 24.44
709 1808294 287 50.23 11906 24.44
710 1814109 158 27.53 11926 24.44
711 1821673 335 61.77 11943 24.44
712 1822944 172 29.49 11960 24.44
713 1825682 177 30.25 11977 24.44
714 1830074 135 24.92 11994 24.44
715 1830982 504 143.61 12011 24.44
716 1832084 161 27.93 12028 24.44
717 1836258 167 28.76 12045 24.44
718 1837234 167 28.76 12062 24.44
719 1838178 71 19.06 12083 24.44
720 1840639 384 80.08 12100 24.44
721 1840875 158 27.53 12117 24.44
722 1841951 327 59.28 12134 24.44
723 1842979 167 28.76 12151 24.44
724 1844434 355 68.30 12168 24.44
725 1844497 600 203.87 12187 24.44
726 1847964 159 27.66 12204 24.44
727 1847992 579 187.32 12221 24.44
728 1849382 184 31.36 12238 24.44
729 1850946 227 38.83 12255 24.44
730 1851449 51 15.86 12272 24.44
731 1851603 304 53.73 12288 24.44
732 1853243 432 101.61 12304 24.44
733 1854622 103 22.23 12321 24.44
734 1859683 304 53.73 12338 24.44
735 1859705 152 26.78 12355 24.44
736 1862479 152 26.78 12371 24.44
737 1863943 135 24.92 12388 24.44
738 1865717 504 143.61 12405 24.44
739 1870825 131 24.54 12422 24.44
740 1877633 224 38.29 12442 24.44
741 1878293 140 25.42 12458 24.44
742 1884231 275 47.73 12475 24.44
743 1886802 444 109.09 12492 24.44
744 1888628 335 61.77 12509 24.44
745 1888863 391 82.35 12526 24.44
746 1895151 159 27.66 12542 24.44
747 1896614 206 35.07 12559 24.44
748 1898288 307 54.48 12576 24.44
749 1901964 608 202.86 12593 24.44
750 1911018 327 59.28 12610 24.44
751 1914938 540 166.11 12627 24.44
752 1917584 344 64.67 12644 24.44
753 1920188 207 35.26 12661 24.44
754 1922565 305 53.88 12680 24.44
755 1925601 172 29.49 12697 24.44
756 1931925 384 80.08 12714 24.44
757 1935034 207 35.26 12731 24.44
758 1935093 184 31.36 12748 24.44
759 1943122 455 117.03 12764 24.44
760 1944630 483 132.60 12781 24.44
761 1947279 614 229.43 12798 24.44
762 1950857 216 36.85 12815 24.44
763 1953343 350 66.46 12832 24.44
764 1954514 543 164.77 12849 24.44
765 1960666 102 22.15 12866 24.44
766 1961757 307 54.48 12883 24.44
767 1962859 291 50.97 12900 24.44
768 1966683 199 33.86 12917 24.44
769 1969840 255 43.96 12937 24.44
770 1971597 199 33.86 12954 24.44
771 1972311 359 69.86 12971 24.44
772 1977233 307 54.48 12987 24.44
773 1984000 280 48.67 13004 24.44
774 1990924 254 43.77 13021 24.44
775 1991033 88 20.96 13038 24.44
776 1993153 112 22.94 13054 24.44
777 1993207 327 59.28 13071 24.44
778 1998736 305 53.88 13088 24.44
779 1999214 472 125.87 13105 24.44
780 1999720 199 33.86 13122 24.44
781 2002741 574 181.47 13138 24.44
782 2005625 280 48.67 13155 24.44
783 2007245 353 67.64 13175 24.44
784 2007360 224 38.29 13192 24.44
785 2008332 287 50.23 13209 24.44
786 2011538 156 27.28 13226 24.44
787 2015370 105 22.39 13243 24.44
788 2017007 220 37.58 13260 24.44
789 2019442 163 28.20 13277 24.44
790 2023154 56 16.76 13294 24.44
791 2025353 124 23.92 13311 24.44
792 2028143 153 26.90 13328 24.44
793 2028822 455 117.03 13345 24.44
794 2031900 71 19.06 13362 24.44
795 2033902 110 22.78 13379 24.44
796 2037312 575 187.30 13396 24.44
797 2038330 227 38.83 13413 24.44
798 2040711 465 122.12 13433 24.44
799 2043467 316 56.81 13450 24.44
800 2048334 339 62.98 13467 24.44
801 2054068 448 112.41 13484 24.44
802 2054840 609 211.41 13501 24.44
803 2060650 569 185.56 13518 24.44
804 2061056 291 50.97 13535 24.44
805 2061853 199 33.86 13552 24.44
806 2063148 583 201.26 13568 24.44
807 2063487 319 57.64 13585 24.44
808 2066770 487 132.65 13601 24.44
809 2068122 551 164.56 13618 24.44
810 2068530 355 68.30 13635 24.44
811 2072897 430 101.41 13651 24.44
812 2074449 135 24.92 13670 24.44
813 2075338 227 38.83 13687 24.44
814 2077442 304 53.73 13704 24.44
815 2080305 195 33.17 13721 24.44
816 2080704 312 55.68 13738 24.44
817 2085573 152 26.78 13754 24.44
818 2096916 161 27.93 13771 24.44
819 2098735 252 43.42 13788 24.44
820 2098959 184 31.36 13805 24.44
821 2108201 147 26.19 13821 24.44
822 2108583 609 211.41 13838 24.44
823 2110346 271 46.93 13855 24.44
824 2110454 444 109.09 13872 24.44
825 2116544 199 33.86 13888 24.44
826 2120365 339 62.98 13905 24.44
827 2122768 199 33.86 13925 24.44
828 2125137 207 35.26 13942 24.44
829 2127543 252 43.42 13959 24.44
830 2129285 179 30.55 13976 24.44
831 2129430 220 37.58 13993 24.44
832 2129556 176 30.09 14009 24.44
833 2130735 112 22.94 14025 24.44
834 2131891 259 44.69 14042 24.44
835 2138475 227 38.83 14059 24.44
836 2145346 124 23.92 14076 24.44
837 2146579 143 25.74 14093 24.44
838 2149883 63 17.91 14110 24.44
839 2152647 216 36.85 14127 24.44
840 2154467 179 30.55 14144 24.44
841 2162599 327 59.28 14161 24.44
842 2164105 775 556.41 14181 24.44
843 2178129 655 252.34 14198 24.44
844 2184035 248 42.69 14215 24.44
845 2184339 590 200.72 14232 24.44
846 2188267 167 28.76 14249 24.44
847 2189459 304 53.73 14266 24.34
848 2190038 319 57.64 14283 24.44
849 2193092 184 31.36 14299 24.44
850 2193214 432 101.61 14316 24.44
851 2196231 319 57.64 14332 24.44
852 2198831 769 568.41 14349 24.44
853 2204777 126 24.09 14366 24.44
854 2207934 161 27.93 14383 24.44
855 2209940 124 23.92 14400 24.44
856 2214219 199 33.86 14420 24.44
857 2215134 318 57.28 14436 24.44
858 2215399 143 25.74 14452 24.44
859 2215449 268 46.26 14468 24.44
860 2221333 254 43.77 14485 24.44
861 2221380 319 57.64 14502 24.44
862 2222434 159 27.66 14518 24.44
863 2223804 209 35.61 14535 24.44
864 2228706 451 113.08 14551 24.44
865 2229001 103 22.23 14568 24.44
866 2231137 536 160.18 14584 24.44
867 2233898 152 26.78 14601 24.44
868 2237913 273 47.25 14618 24.44
869 2238230 335 61.77 14635 24.44
870 2241130 248 42.69 14651 24.44
871 2241750 492 134.92 14671 24.44
872 2243641 188 32.01 14688 24.44
873 2245167 184 31.36 14705 24.44
874 2258397 472 125.87 14722 24.44
875 2266623 67 18.51 14739 24.44
876 2269906 83 20.46 14756 24.44
877 2271733 295 51.75 14773 24.44
878 2273055 403 88.99 14790 24.44
879 2273373 681 309.95 14807 24.44
880 2281192 423 97.36 14823 24.44
881 2284712 280 48.67 14840 24.44
882 2289017 248 42.69 14857 24.44
883 2290651 550 172.20 14874 24.44
884 2291812 135 24.92 14891 24.44
885 2291974 465 122.12 14911 24.44
886 2292658 432 101.61 14928 24.44
887 2293711 787 674.49 14945 24.44
888 2293883 176 30.09 14962 24.44
889 2295158 110 22.78 14979 24.44
890 2295840 327 59.28 14996 24.44
891 2296813 294 51.51 15013 24.44
892 2297439 504 143.61 15030 24.44
893 2298145 131 24.54 15047 24.44
894 2303000 364 71.71 15064 24.34
895 2303900 179 30.55 15081 24.44
896 2306562 127 24.18 15097 24.44
897 2309505 432 101.61 15114 24.44
898 2312664 543 164.77 15131 24.44
899 2313430 700 294.28 15148 24.44
900 2315008 451 113.08 15167 24.44
901 2321245 248 42.69 15184 24.44
902 2321620 366 72.41 15201 24.44
903 2323117 224 38.29 15217 24.44
904 2326043 399 87.30 15234 24.44
905 2326922 184 31.36 15251 24.44
906 2329373 291 50.97 15267 24.44
907 2329713 184 31.36 15284 24.44
908 2330535 135 24.92 15300 24.44
909 2330764 156 27.28 15317 24.44
910 2330822 135 24.92 15334 24.44
911 2333150 615 227.36 15351 24.44
912 2337845 304 53.73 15372 24.44
913 2337924 120 23.58 15389 24.44
914 2339110 156 27.28 15409 24.44
915 2346547 192 32.67 15426 24.44
916 2348044 527 155.96 15443 24.44
917 2352577 240 41.21 15460 24.44
918 2356079 126 24.09 15477 24.44
919 2356378 211 35.96 15494 24.44
920 2358953 611 211.89 15510 24.44
921 2360659 113 23.02 15527 24.44
922 2365332 127 24.18 15544 24.44
923 2365577 199 33.86 15561 24.44
924 2368398 216 36.85 15578 24.44
925 2373805 432 101.61 15595 24.44
926 2377266 63 17.91 15612 24.44
927 2378926 230 39.39 15629 24.44
928 2382123 131 24.54 15646 24.44
929 2383750 176 30.09 15666 24.44
930 2386692 184 31.36 15683 24.44
931 2388691 553 176.67 15700 24.44
932 2389384 451 113.08 15717 24.44
933 2389478 591 188.65 15734 24.44
934 2390051 172 29.49 15751 24.44
935 2390457 448 112.41 15768 24.44
936 2391979 172 29.49 15785 24.44
937 2392018 199 33.86 15802 24.44
938 2396317 384 80.08 15818 24.44
939 2397614 163 28.20 15835 24.44
940 2401663 199 33.86 15852 24.44
941 2403409 323 58.48 15869 24.44
942 2404271 56 16.76 15886 24.44
943 2404800 156 27.28 15906 24.44
944 2408547 384 80.08 15922 24.44
945 2411219 368 72.93 15939 24.44
946 2413380 252 43.42 15956 24.44
947 2416012 263 45.37 15973 24.44
948 2421652 391 82.35 15990 24.44
949 2424055 255 43.96 16007 24.44
950 2429187 240 41.21 16024 24.44
951 2439559 167 28.76 16041 24.44
952 2441249 207 35.26 16058 24.44
953 2442502 415 95.00 16075 24.44
954 2446919 387 81.05 16092 24.44
955 2447623 359 69.86 16109 24.44
956 2448068 316 56.81 16125 24.44
