##########################################################################################
### CosmicWatch: The Desktop Muon Detector
### Questions? saxani@mit.edu
### Comp_date Comp_time Event Ardn_time[ms] ADC[0-1023] SiPM[mV] Deadtime[ms] Temp[C] Name
##########################################################################################
Olen Master nimega Sassu
1 653 79 20.03 0 40.23
2 1209 307 54.48 15 50.55
3 1458 103 22.23 33 6.07
4 1670 71 19.06 51 -4.88
5 2651 156 27.28 69 16.39
6 2876 71 19.06 87 -10.04
7 3558 188 32.01 109 14.13
8 3647 435 104.92 127 63.44
9 3796 56 16.76 146 3.82
10 4058 56 16.76 170 -12.94
11 4895 63 17.91 189 3.82
12 6970 193 32.84 207 33.04
13 7132 63 17.91 225 -1.02
14 7423 124 23.92 243 -7.78
15 8169 366 72.41 261 50.65
16 8705 63 17.91 279 3.82
17 10093 65 18.22 297 9.30
18 10959 192 32.67 314 23.15
19 11301 76 19.69 330 -3.92
20 11840 88 20.96 346 -2.63
21 12110 67 18.51 362 -13.91
22 13344 63 17.91 378 1.24
23 14414 319 57.64 394 68.59
24 14659 96 21.67 410 26.05
25 15006 384 80.08 429 51.84
26 15876 92 21.32 445 19.61
27 16006 124 23.92 461 1.24
28 16032 56 16.76 477 -24.11
29 16540 355 68.30 493 48.29
30 17227 192 32.67 509 24.44
31 17316 231 39.55 525 19.61
32 18055 56 16.76 541 0.27
33 18471 67 18.51 557 -9.39
34 18934 115 23.18 573 -3.92
35 18985 352 66.89 589 42.49
36 19336 339 62.98 605 47.97
37 19774 56 16.76 621 1.24
38 20314 359 69.86 637 44.75
39 20502 433 104.37 653 78.58
40 20652 49 15.48 669 7.69
41 20790 408 90.57 685 50.55
42 21912 318 57.28 704 55.38
43 21935 319 57.64 720 43.78
44 22323 295 51.75 736 52.80
45 24198 78 19.92 752 -13.58
46 24225 54 16.41 768 -6.49
47 24395 62 17.75 784 -20.35
48 26369 199 33.86 800 55.38
49 27386 387 81.05 816 79.01
50 27845 432 101.61 832 81.48
51 27913 448 112.41 848 91.80
52 28708 88 20.96 864 22.19
53 29319 359 69.86 880 51.84
54 31741 51 15.86 896 11.88
55 32250 120 23.58 912 3.82
56 33945 467 121.56 928 76.01
57 35340 359 69.86 944 76.01
58 35368 60 17.43 960 -1.02
59 35449 63 17.91 979 -16.81
60 36765 188 32.01 995 27.34
61 37224 51 15.86 1011 -2.63
62 37336 300 52.79 1027 24.44
63 39309 359 69.86 1043 63.44
64 40249 49 15.48 1059 9.30
65 41983 248 42.69 1075 48.94
66 42411 319 57.64 1092 42.49
67 43385 71 19.06 1108 16.71
68 43743 70 18.93 1124 -1.02
69 44464 385 80.11 1140 60.86
70 44924 291 50.97 1156 55.38
71 45301 71 19.06 1172 3.82
72 46084 71 19.06 1188 6.72
73 46138 216 36.85 1204 7.69
74 48482 248 42.69 1220 42.49
75 48873 401 87.91 1237 73.75
76 49889 51 15.86 1256 16.71
77 50365 62 17.75 1272 -9.39
78 50730 158 27.53 1288 13.81
79 53037 432 101.61 1304 85.03
80 55226 92 21.32 1320 22.19
81 55459 76 19.69 1336 0.92
82 55926 396 85.28 1352 48.29
83 56156 57 16.93 1368 13.92
84 56453 348 65.64 1384 45.07
85 57257 371 73.82 1400 82.77
86 57343 51 15.86 1416 14.13
87 57403 60 17.43 1432 -11.33
88 57891 344 64.67 1448 40.23
89 57918 312 55.68 1464 52.80
90 58177 240 41.21 1480 40.23
91 59762 248 42.69 1496 52.48
93 60939 78 19.92 1520 1.46
97 62689 63 17.91 1561 3.82
98 62748 71 19.06 1578 -11.33
99 62837 62 17.75 1594 -27.12
100 63823 127 24.18 1610 13.81
101 65376 88 20.96 1627 9.30
102 65610 49 15.48 1643 -6.49
103 65699 206 35.07 1659 0.27
104 65813 63 17.91 1675 -13.91
105 66023 81 20.25 1692 -13.91
106 68123 56 16.76 1708 11.88
107 68389 79 20.03 1725 2.53
108 69562 62 17.75 1741 -3.92
109 70860 51 15.86 1758 -2.63
110 71550 56 16.76 1774 0.92
111 71630 371 73.82 1790 43.78
112 73233 63 17.91 1806 16.71
113 73420 135 24.92 1826 -3.92
114 73994 302 53.30 1842 41.52
115 74148 248 42.69 1858 27.34
116 74276 300 52.79 1875 43.78
117 74776 291 50.97 1891 46.68
118 74882 487 132.65 1907 71.17
119 75330 81 20.25 1924 15.74
120 75812 99 21.91 1940 9.30
121 75932 63 17.91 1956 -9.07
122 75949 99 21.91 1972 -16.81
123 76706 96 21.67 1988 -3.92
124 76777 56 16.76 2004 -10.04
125 77066 71 19.06 2020 -21.64
126 77477 103 22.23 2036 0.92
127 78234 96 21.67 2052 3.82
128 78584 604 210.97 2068 89.43
129 78744 430 101.41 2084 81.48
130 79706 327 59.28 2103 62.15
131 81003 307 54.48 2119 62.15
132 81943 371 73.82 2136 71.17
133 82097 159 27.66 2153 27.56
134 82320 371 73.82 2170 57.96
135 82514 192 32.67 2191 22.19
136 83048 62 17.75 2208 -3.27
137 83744 70 18.93 2225 0.92
138 84243 71 19.06 2242 -3.92
139 84876 71 19.06 2258 -9.07
140 85824 49 15.48 2274 1.67
141 86748 368 72.93 2290 55.38
142 86783 56 16.76 2306 3.82
143 86807 318 57.28 2322 29.92
144 87524 51 15.86 2338 3.82
145 88175 51 15.86 2354 -11.33
146 88690 553 176.67 2373 85.03
147 90845 135 24.92 2389 36.37
148 91784 425 99.48 2406 77.62
149 94028 399 87.30 2422 86.32
150 94403 455 117.03 2438 78.80
