##########################################################################################
### CosmicWatch: The Desktop Muon Detector
### Questions? saxani@mit.edu
### Comp_date Comp_time Event Ardn_time[ms] ADC[0-1023] SiPM[mV] Deadtime[ms] Temp[C] Name
##########################################################################################
Olen Slave nimega Sassu
1 2509 184 31.36 0 24.44
2 3308 275 47.73 15 24.44
3 6116 70 18.93 33 24.44
4 6578 216 36.85 51 24.44
5 8594 110 22.78 69 24.44
6 9276 131 24.54 87 24.44
7 11116 140 25.42 110 24.44
8 11366 376 76.43 128 24.44
9 11811 307 54.48 146 24.44
10 15967 255 43.96 164 24.44
11 16434 209 35.61 182 24.44
12 21290 428 101.58 200 24.34
13 22230 249 42.85 218 24.44
14 27320 115 23.18 236 24.34
15 29598 216 36.85 255 24.34
16 29933 496 144.49 274 24.44
17 35096 280 48.67 293 24.34
18 36807 376 76.43 309 24.44
19 38369 188 32.01 325 24.44
20 46185 435 104.92 341 24.34
21 47111 188 32.01 357 24.44
22 48602 204 34.73 373 24.44
23 49992 334 61.44 389 24.44
24 53665 110 22.78 408 24.44
25 54855 120 23.58 424 24.44
26 59244 252 43.42 440 24.34
27 59653 135 24.92 456 24.44
28 62182 120 23.58 472 24.34
29 64521 263 45.37 488 24.44
30 68292 536 160.18 504 24.44
31 69208 71 19.06 521 24.34
32 77602 399 87.30 537 24.23
33 80064 152 26.78 553 24.44
34 80619 238 40.82 569 24.44
35 82848 127 24.18 585 24.44
36 83796 263 45.37 601 24.44
37 84246 302 53.30 617 24.44
38 84479 199 33.86 633 24.44
39 88905 152 26.78 649 24.44
40 91415 435 104.92 665 24.44
41 95806 327 59.28 684 24.44
42 99144 188 32.01 700 24.34
43 99615 531 160.62 716 24.34
44 99869 184 31.36 732 24.44
45 100969 216 36.85 748 24.44
46 103913 204 34.73 764 24.34
47 107305 332 61.17 780 24.44
48 107674 280 48.67 796 24.23
49 109494 359 69.86 812 24.44
50 118390 220 37.58 828 24.23
51 123633 206 35.07 844 24.44
52 128350 254 43.77 860 24.34
53 136923 307 54.48 876 24.12
54 149737 291 50.97 892 24.12
55 151378 113 23.02 908 24.34
56 155673 88 20.96 924 24.23
57 156455 319 57.64 943 24.34
58 156916 103 22.23 959 24.44
59 158814 176 30.09 975 24.44
60 159900 291 50.97 991 24.34
61 161290 220 37.58 1007 24.23
62 161520 664 270.86 1023 24.12
63 165324 198 33.69 1039 24.23
64 167135 63 17.91 1055 24.34
65 173923 161 27.93 1072 24.12
66 179161 284 49.41 1088 24.23
67 184594 718 366.73 1105 24.12
68 186741 271 46.93 1121 24.12
69 189537 608 202.86 1138 23.80
70 192981 220 37.58 1154 24.12
71 194720 326 59.13 1170 24.12
72 196600 167 28.76 1186 24.23
73 199369 271 46.93 1202 24.12
74 200626 611 211.89 1222 24.12
75 200800 103 22.23 1238 24.12
76 201419 281 48.90 1254 24.12
77 202627 195 33.17 1270 24.23
78 205745 327 59.28 1286 24.12
79 208733 428 101.58 1302 24.12
80 219030 529 156.43 1318 24.23
81 220421 166 28.62 1335 24.34
82 220839 248 42.69 1352 24.44
83 221529 140 25.42 1369 24.34
84 226252 350 66.46 1385 24.34
85 231358 159 27.66 1401 24.44
86 231883 216 36.85 1417 24.44
87 232443 384 80.08 1433 24.44
88 237074 120 23.58 1449 24.12
89 237428 280 48.67 1469 24.23
90 237704 540 166.11 1485 24.23
91 237958 719 344.94 1501 24.12
92 241940 112 22.94 1517 24.23
93 243248 344 64.67 1534 24.34
94 247212 307 54.48 1550 24.23
95 248142 270 46.71 1566 24.34
96 266799 318 57.28 1582 24.34
97 270166 455 117.03 1598 24.44
98 272470 492 134.92 1615 24.23
99 277515 152 26.78 1632 24.34
100 278064 476 129.76 1648 24.23
101 278145 152 26.78 1665 24.44
102 279914 184 31.36 1681 24.44
103 283041 216 36.85 1697 24.34
104 287518 248 42.69 1713 24.44
105 288260 143 25.74 1733 24.34
106 294892 124 23.92 1749 24.44
107 297449 368 72.93 1766 24.34
108 300336 67 18.51 1783 24.34
109 300776 248 42.69 1800 24.34
110 304933 97 21.75 1817 24.44
111 306740 353 67.64 1833 24.44
112 307946 204 34.73 1849 24.44
113 308468 284 49.41 1865 24.44
114 319812 454 115.28 1881 24.44
115 320440 207 35.26 1898 24.34
116 326618 188 32.01 1914 24.44
117 329128 65 18.22 1930 24.44
118 330705 115 23.18 1947 24.44
119 338912 428 101.58 1964 24.34
120 339044 515 147.53 1980 24.34
121 339581 319 57.64 1999 24.44
122 339612 188 32.01 2015 24.44
123 340286 600 203.87 2031 24.34
124 344485 135 24.92 2047 24.44
125 348727 147 26.19 2064 24.44
126 348971 243 41.74 2080 24.34
127 349508 179 30.55 2096 24.34
128 350062 127 24.18 2112 24.34
129 351376 295 51.75 2128 24.23
130 355708 135 24.92 2144 24.23
131 356210 142 25.64 2161 24.44
132 358060 147 26.19 2177 24.12
133 362073 176 30.09 2193 24.23
134 365498 147 26.19 2209 24.23
135 366552 140 25.42 2225 24.23
136 372616 263 45.37 2245 24.34
137 373240 286 49.78 2261 24.44
138 379551 225 38.48 2277 24.34
139 382571 156 27.28 2293 24.44
140 382971 156 27.28 2309 24.44
141 386841 543 164.77 2325 24.34
142 389756 211 35.96 2342 24.44
143 391150 302 53.30 2358 24.44
144 394769 304 53.73 2375 24.44
145 396912 312 55.68 2392 24.34
146 397130 231 39.55 2409 24.44
147 399337 193 32.84 2430 24.34
148 401229 89 21.05 2447 24.34
149 404352 319 57.64 2464 24.44
150 404547 380 78.12 2480 24.44
151 404671 195 33.17 2496 24.44
152 405144 216 36.85 2515 24.44
153 407200 152 26.78 2531 24.44
154 408097 199 33.86 2547 24.44
155 411751 231 39.55 2563 24.44
156 412824 275 47.73 2580 24.44
157 413380 156 27.28 2597 24.44
158 415826 422 97.97 2613 24.34
159 416002 497 142.37 2629 24.34
160 416149 195 33.17 2645 24.44
161 417566 184 31.36 2661 24.44
162 418990 263 45.37 2677 24.34
163 426231 334 61.44 2694 24.44
164 427204 184 31.36 2711 24.44
165 428864 248 42.69 2727 24.44
166 435776 263 45.37 2744 24.44
167 436032 262 45.24 2764 24.44
168 437424 231 39.55 2781 24.44
169 438845 179 30.55 2798 24.44
170 444806 88 20.96 2814 24.44
171 446635 295 51.75 2830 24.44
172 446912 167 28.76 2847 24.34
173 452019 323 58.48 2863 24.44
174 452354 184 31.36 2880 24.44
175 452455 188 32.01 2896 24.44
176 453840 271 46.93 2912 24.44
177 460061 319 57.64 2929 24.44
178 460569 96 21.67 2945 24.44
179 462416 384 80.08 2961 24.44
180 462532 179 30.55 2978 24.44
181 463076 391 82.35 2994 24.44
182 467980 270 46.71 3010 24.44
183 469095 108 22.63 3030 24.44
184 471910 376 76.43 3046 24.44
185 472696 103 22.23 3063 24.44
186 475146 206 35.07 3079 24.44
187 478928 312 55.68 3095 24.44
188 481321 319 57.64 3112 24.44
189 481651 192 32.67 3128 24.44
190 482607 483 132.60 3144 24.44
191 482656 71 19.06 3161 24.44
192 483633 307 54.48 3177 24.44
193 484098 259 44.69 3193 24.44
194 486166 705 364.03 3210 24.44
195 489320 369 73.42 3226 24.44
196 493139 543 164.77 3243 24.44
197 496705 259 44.69 3260 24.44
198 502685 271 46.93 3280 24.44
199 502754 307 54.48 3297 24.44
200 502984 176 30.09 3313 24.44
201 506167 440 109.25 3329 24.44
202 506911 167 28.76 3345 24.44
203 511156 135 24.92 3361 24.44
204 511833 206 35.07 3378 24.44
205 515190 556 174.47 3394 24.44
206 516965 152 26.78 3411 24.44
207 521549 451 113.08 3427 24.44
208 530477 231 39.55 3444 24.44
209 530611 255 43.96 3461 24.44
210 532065 248 42.69 3477 24.44
211 537328 145 25.96 3494 24.44
212 544252 159 27.66 3511 24.34
213 546728 380 78.12 3527 24.44
214 548704 176 30.09 3546 24.34
215 551793 147 26.19 3562 24.44
216 558791 56 16.76 3579 24.44
217 559266 140 25.42 3596 24.44
218 562755 140 25.42 3613 24.44
219 563613 620 217.12 3630 24.44
220 563882 92 21.32 3646 24.44
221 568767 140 25.42 3662 24.44
222 569264 177 30.25 3679 24.44
223 573581 280 48.67 3695 24.44
224 577187 568 189.84 3712 24.34
225 577512 302 53.30 3729 24.44
226 577954 120 23.58 3745 24.44
227 578032 108 22.63 3762 24.44
228 579837 476 129.76 3778 24.44
229 582988 335 61.77 3798 24.44
230 585210 387 81.05 3815 24.44
231 585663 563 181.65 3831 24.44
232 587161 295 51.75 3847 24.44
233 588159 335 61.77 3864 24.44
234 592964 140 25.42 3881 24.44
235 596026 327 59.28 3898 24.44
236 597588 167 28.76 3915 24.44
237 598386 344 64.67 3932 24.44
238 600252 158 27.53 3948 24.44
239 600731 71 19.06 3965 24.44
240 601619 243 41.74 3981 24.44
241 603403 344 64.67 3997 24.44
242 604872 344 64.67 4013 24.44
243 606828 743 466.23 4029 24.44
244 607498 103 22.23 4045 24.44
245 609416 318 57.28 4064 24.44
246 609979 120 23.58 4080 24.44
247 614900 158 27.53 4096 24.44
248 619572 496 144.49 4112 24.44
249 621355 312 55.68 4129 24.44
250 622267 337 62.30 4145 24.44
251 623647 496 144.49 4161 24.44
252 627239 216 36.85 4178 24.44
253 629059 319 57.64 4194 24.44
254 631409 103 22.23 4210 24.44
255 637541 487 132.65 4226 24.44
256 639961 167 28.76 4243 24.44
257 641612 287 50.23 4259 24.44
258 645008 102 22.15 4275 24.44
259 648862 318 57.28 4291 24.44
260 650938 481 129.57 4310 24.44
261 652715 216 36.85 4326 24.44
262 653933 287 50.23 4342 24.44
263 654328 209 35.61 4358 24.44
264 655377 161 27.93 4374 24.44
265 655598 204 34.73 4390 24.44
266 657715 467 121.56 4406 24.44
267 659851 88 20.96 4423 24.44
268 660322 152 26.78 4439 24.44
269 660344 359 69.86 4455 24.44
270 665792 216 36.85 4471 24.44
271 666246 159 27.66 4487 24.44
272 666370 231 39.55 4503 24.44
273 670162 455 117.03 4519 24.44
274 671403 463 119.23 4536 24.44
275 671624 486 135.98 4555 24.44
276 676067 403 88.99 4572 24.44
277 679464 199 33.86 4589 24.44
278 682383 147 26.19 4606 24.44
279 683117 156 27.28 4623 24.44
280 683276 344 64.67 4639 24.44
281 684240 307 54.48 4655 24.44
282 690218 671 277.06 4671 24.44
283 691992 184 31.36 4688 24.44
284 694833 647 246.69 4705 24.44
285 695047 316 56.81 4722 24.44
286 695194 369 73.42 4738 24.44
287 696274 71 19.06 4754 24.44
288 696835 174 29.79 4771 24.44
289 697272 271 46.93 4787 24.44
290 698913 496 144.49 4804 24.44
291 706022 344 64.67 4824 24.44
292 708658 199 33.86 4840 24.44
293 708970 156 27.28 4857 24.44
294 709699 161 27.93 4873 24.44
295 720055 152 26.78 4889 24.44
296 720560 103 22.23 4905 24.44
297 722740 248 42.69 4921 24.44
298 728981 124 23.92 4938 24.44
299 734022 192 32.67 4955 24.44
300 742605 300 52.79 4972 24.44
301 746340 115 23.18 4989 24.44
302 748475 135 24.92 5006 24.44
303 749098 220 37.58 5023 24.44
304 750003 499 141.24 5039 24.44
305 750238 224 38.29 5055 24.44
306 750587 216 36.85 5074 24.44
307 751803 312 55.68 5090 24.44
308 752720 327 59.28 5107 24.44
309 758433 280 48.67 5123 24.44
310 759421 591 188.65 5140 24.44
311 764998 179 30.55 5157 24.44
312 765516 542 168.67 5173 24.44
313 767790 147 26.19 5190 24.44
314 770023 71 19.06 5207 24.44
315 774870 280 48.67 5224 24.44
316 774887 97 21.75 5241 24.44
317 775448 647 246.69 5257 24.44
318 776945 216 36.85 5273 24.44
319 778046 243 41.74 5289 24.44
320 778423 497 142.37 5306 24.44
321 783774 304 53.73 5323 24.44
322 789709 57 16.93 5342 24.44
323 791813 220 37.58 5359 24.44
324 794246 172 29.49 5375 24.44
325 796551 284 49.41 5391 24.44
326 808735 359 69.86 5408 24.44
327 810380 304 53.73 5424 24.44
328 812687 163 28.20 5441 24.44
329 812873 255 43.96 5458 24.44
330 814418 143 25.74 5474 24.44
331 814604 284 49.41 5491 24.44
332 816330 384 80.08 5507 24.44
333 817996 249 42.85 5524 24.44
334 818534 391 82.35 5541 24.44
335 823248 510 148.47 5557 24.44
336 823944 263 45.37 5574 24.44
337 824528 455 117.03 5594 24.44
338 825281 142 25.64 5611 24.44
339 826591 63 17.91 5632 24.44
340 829213 312 55.68 5649 24.44
341 833675 428 101.58 5666 24.44
342 834679 220 37.58 5682 24.44
343 835371 319 57.64 5698 24.44
344 837845 384 80.08 5714 24.44
345 840737 115 23.18 5730 24.44
346 841703 327 59.28 5747 24.44
347 843685 193 32.84 5763 24.44
348 843847 184 31.36 5779 24.44
349 847759 88 20.96 5795 24.44
350 847788 220 37.58 5811 24.44
351 851813 193 32.84 5827 24.44
352 851964 368 72.93 5844 24.44
353 854358 131 24.54 5863 24.44
354 854476 127 24.18 5880 24.44
355 861977 540 166.11 5896 24.44
356 867682 172 29.49 5913 24.44
357 870439 271 46.93 5930 24.44
358 872376 280 48.67 5947 24.44
359 873728 143 25.74 5964 24.44
360 879588 384 80.08 5981 24.44
361 884416 515 147.53 5998 24.44
362 884975 252 43.42 6015 24.44
363 886647 487 132.65 6032 24.34
364 887682 364 71.71 6049 24.44
365 888904 113 23.02 6065 24.44
366 890984 248 42.69 6082 24.44
367 891726 143 25.74 6099 24.44
368 894312 312 55.68 6118 24.44
369 898316 254 43.77 6134 24.44
370 915022 344 64.67 6151 24.44
371 915827 304 53.73 6167 24.44
372 916014 295 51.75 6183 24.44
373 916901 110 22.78 6199 24.44
374 919813 284 49.41 6215 24.34
375 922637 286 49.78 6232 24.44
376 922664 440 109.25 6248 24.34
377 926104 159 27.66 6264 24.34
378 927970 79 20.03 6280 24.34
379 928665 227 38.83 6296 24.34
380 934284 156 27.28 6312 24.44
381 934401 172 29.49 6328 24.34
382 936027 408 90.57 6344 24.23
383 937740 384 80.08 6360 24.44
384 943206 159 27.66 6380 24.23
385 943586 231 39.55 6396 24.44
386 943812 419 97.20 6412 24.44
387 944405 177 30.25 6428 24.44
388 945404 275 47.73 6444 24.34
389 945584 159 27.66 6461 24.34
390 945960 103 22.23 6477 24.34
391 946052 172 29.49 6493 24.44
392 946864 177 30.25 6509 24.44
393 947177 184 31.36 6525 24.44
394 948460 207 35.26 6541 24.23
395 948996 327 59.28 6557 24.44
396 954213 268 46.26 6573 24.44
397 954634 96 21.67 6590 24.44
398 958917 220 37.58 6606 24.44
399 959960 465 122.12 6625 24.34
400 961407 71 19.06 6642 24.34
401 965117 97 21.75 6659 24.44
402 965423 127 24.18 6675 24.44
403 967208 231 39.55 6691 24.44
404 968092 134 24.82 6708 24.44
405 975101 124 23.92 6725 24.34
406 976686 56 16.76 6742 24.44
407 980369 169 29.05 6759 24.44
408 981053 159 27.66 6775 24.44
409 983876 359 69.86 6791 24.44
410 989558 127 24.18 6807 24.44
411 990477 76 19.69 6824 24.34
412 998121 238 40.82 6840 24.34
413 1001934 403 88.99 6857 24.34
414 1009708 732 451.17 6874 24.23
415 1011014 291 50.97 6894 24.12
416 1011862 654 259.18 6911 24.23
417 1013687 465 122.12 6928 24.23
418 1020860 126 24.09 6945 24.12
419 1021068 236 40.44 6962 24.34
420 1028848 240 41.21 6979 24.23
421 1041555 176 30.09 6996 24.44
422 1044041 243 41.74 7013 24.44
423 1044520 271 46.93 7030 24.44
424 1044681 216 36.85 7047 24.34
425 1045818 124 23.92 7063 24.44
426 1047424 348 65.64 7080 24.44
427 1048314 423 97.36 7097 24.44
428 1049552 152 26.78 7113 24.44
429 1053905 318 57.28 7130 24.44
430 1056536 344 64.67 7150 24.34
431 1057379 224 38.29 7167 24.34
432 1057408 120 23.58 7184 24.34
433 1060565 147 26.19 7201 24.34
434 1064186 192 32.67 7218 24.44
435 1064288 339 62.98 7235 24.44
436 1068804 462 120.87 7251 24.34
437 1075744 312 55.68 7268 24.44
438 1076001 152 26.78 7285 24.44
439 1076405 432 101.61 7301 24.34
440 1077516 207 35.26 7317 24.34
441 1080096 204 34.73 7334 24.34
442 1084389 417 95.20 7351 24.34
443 1087623 156 27.28 7368 24.23
444 1091986 216 36.85 7385 24.34
445 1094528 824 662.09 7405 24.23
446 1096163 225 38.48 7422 24.44
447 1096208 262 45.24 7439 24.44
448 1097263 432 101.61 7456 24.44
449 1098149 432 101.61 7473 24.44
450 1102826 231 39.55 7489 24.44
451 1103762 207 35.26 7506 24.44
452 1110666 152 26.78 7522 24.44
453 1111614 127 24.18 7539 24.34
454 1115286 254 43.77 7555 24.44
455 1117868 448 112.41 7572 24.44
456 1121784 280 48.67 7589 24.34
457 1123071 236 40.44 7606 24.44
458 1126578 366 72.41 7623 24.44
459 1128187 177 30.25 7640 24.44
460 1128265 131 24.54 7660 24.44
461 1128288 238 40.82 7677 24.34
462 1140192 327 59.28 7694 24.44
463 1140324 216 36.85 7711 24.44
464 1140948 99 21.91 7727 24.44
465 1144669 224 38.29 7743 24.44
466 1148299 359 69.86 7760 24.44
467 1149758 335 61.77 7776 24.44
468 1154019 280 48.67 7793 24.44
469 1154076 147 26.19 7810 24.44
470 1155426 415 95.00 7826 24.44
471 1156144 268 46.26 7843 24.44
472 1156631 444 109.09 7860 24.44
473 1157721 216 36.85 7876 24.44
474 1159995 152 26.78 7893 24.44
475 1160135 134 24.82 7913 24.44
476 1161919 248 42.69 7930 24.34
477 1162137 476 129.76 7947 24.44
478 1164287 307 54.48 7964 24.34
479 1165620 334 61.44 7981 24.44
480 1167989 152 26.78 7998 24.44
481 1168429 518 151.06 8015 24.44
482 1173141 103 22.23 8032 24.44
483 1174926 561 174.17 8049 24.34
484 1175771 327 59.28 8066 24.44
485 1176160 231 39.55 8082 24.44
486 1179797 147 26.19 8099 24.44
487 1180130 224 38.29 8116 24.44
488 1183265 143 25.74 8133 24.34
489 1184784 579 187.32 8150 24.44
490 1186544 83 20.46 8170 24.44
491 1188348 110 22.78 8187 24.44
492 1189447 152 26.78 8203 24.44
493 1191122 198 33.69 8219 24.44
494 1195532 647 246.69 8235 24.44
495 1196581 563 181.65 8252 24.44
496 1198511 316 56.81 8269 24.44
497 1199632 556 174.47 8285 24.44
498 1205563 224 38.29 8302 24.44
499 1208298 158 27.53 8319 24.44
500 1213427 536 160.18 8335 24.34
501 1213865 384 80.08 8352 24.44
502 1214614 73 19.32 8368 24.44
503 1215919 195 33.17 8384 24.44
504 1217965 280 48.67 8400 24.44
505 1218909 127 24.18 8420 24.34
506 1220654 448 112.41 8436 24.44
507 1224122 248 42.69 8453 24.44
508 1225198 240 41.21 8470 24.34
509 1225296 225 38.48 8487 24.34
510 1226640 263 45.37 8503 24.34
511 1227367 536 160.18 8520 24.34
512 1227563 184 31.36 8537 24.44
513 1229394 387 81.05 8553 24.44
514 1229913 199 33.86 8570 24.44
515 1231259 287 50.23 8586 24.34
516 1233025 192 32.67 8603 24.34
517 1237572 88 20.96 8619 24.12
518 1238047 268 46.26 8635 24.23
519 1239312 120 23.58 8652 24.23
520 1239568 248 42.69 8672 24.23
521 1242059 216 36.85 8689 24.12
522 1243306 131 24.54 8706 23.80
523 1243725 231 39.55 8723 24.12
524 1243798 199 33.86 8740 24.12
525 1245031 209 35.61 8756 24.23
526 1245787 364 71.71 8773 24.34
527 1250779 152 26.78 8789 24.44
528 1250892 177 30.25 8806 24.44
529 1253709 295 51.75 8823 24.34
530 1254669 335 61.77 8840 24.44
531 1255990 243 41.74 8857 24.44
532 1257826 240 41.21 8878 24.44
533 1259120 127 24.18 8895 24.44
534 1264071 102 22.15 8912 24.44
535 1266192 323 58.48 8931 24.44
536 1273052 255 43.96 8948 24.44
537 1274943 531 160.62 8964 24.34
538 1277870 76 19.69 8981 24.44
539 1281858 209 35.61 8997 24.44
540 1283035 153 26.90 9014 24.44
541 1283806 355 68.30 9031 24.44
542 1285937 134 24.82 9047 24.34
543 1287303 412 92.93 9064 24.44
544 1288360 60 17.43 9081 24.34
545 1290016 238 40.82 9098 24.44
546 1290956 188 32.01 9115 24.44
547 1291493 195 33.17 9131 24.44
548 1300016 207 35.26 9147 24.44
549 1301940 604 210.97 9164 24.44
550 1303625 519 154.30 9184 24.44
551 1307276 327 59.28 9201 24.44
552 1315076 240 41.21 9218 24.44
553 1318175 307 54.48 9235 24.44
554 1318987 463 119.23 9252 24.44
555 1320649 120 23.58 9269 24.44
556 1323541 206 35.07 9286 24.44
557 1325133 112 22.94 9303 24.44
558 1328052 167 28.76 9320 24.44
559 1330732 236 40.44 9337 24.44
560 1331371 248 42.69 9354 24.44
561 1332152 193 32.84 9371 24.44
562 1334612 190 32.33 9387 24.44
563 1337762 145 25.96 9404 24.44
564 1344536 302 53.30 9421 24.44
565 1349459 156 27.28 9441 24.44
566 1355350 334 61.44 9458 24.23
567 1357229 492 134.92 9475 24.12
568 1361292 217 37.04 9492 24.12
569 1361722 284 49.41 9509 24.23
570 1362751 487 132.65 9526 24.12
571 1363091 510 148.47 9543 24.23
572 1363383 366 72.41 9559 24.12
573 1366144 263 45.37 9575 24.23
574 1366249 432 101.61 9592 24.23
575 1369093 295 51.75 9608 24.44
576 1371276 391 82.35 9625 24.34
577 1372717 515 147.53 9642 24.44
578 1372882 422 97.97 9659 24.34
579 1376852 127 24.18 9675 24.34
580 1383676 547 162.22 9695 24.34
581 1384176 103 22.23 9712 24.44
582 1391731 216 36.85 9728 24.34
583 1393923 241 41.39 9745 24.23
584 1394117 147 26.19 9762 24.44
585 1396255 143 25.74 9778 24.34
586 1399540 384 80.08 9795 24.34
587 1404095 236 40.44 9812 24.34
588 1407782 289 50.47 9829 24.44
589 1409798 284 49.41 9846 24.34
590 1410865 352 66.89 9863 24.34
591 1413123 167 28.76 9880 24.44
592 1414623 263 45.37 9897 24.44
593 1415698 120 23.58 9914 24.34
594 1419503 255 43.96 9931 24.34
595 1427007 352 66.89 9951 24.23
596 1427509 143 25.74 9968 24.23
597 1429454 70 18.93 9985 24.23
598 1429974 380 78.12 10002 24.34
599 1432486 120 23.58 10018 24.23
600 1437377 312 55.68 10035 24.34
601 1443314 83 20.46 10052 24.23
602 1446682 96 21.67 10069 24.12
603 1448231 444 109.09 10086 24.12
604 1450402 275 47.73 10103 24.12
605 1451034 179 30.55 10120 24.12
606 1452069 287 50.23 10136 24.12
607 1457146 192 32.67 10153 24.12
608 1459699 152 26.78 10170 23.80
609 1463472 216 36.85 10187 24.12
610 1471022 79 20.03 10206 23.80
611 1471697 591 188.65 10222 24.12
612 1476576 448 112.41 10239 23.80
613 1477587 163 28.20 10256 23.80
614 1481368 248 42.69 10273 24.12
615 1482066 316 56.81 10290 24.12
616 1483033 49 15.48 10306 24.12
617 1483281 615 227.36 10322 24.12
618 1484451 167 28.76 10338 24.12
619 1488912 71 19.06 10355 24.12
620 1493144 403 88.99 10372 24.12
621 1494034 323 58.48 10389 24.12
622 1498100 327 59.28 10405 24.12
623 1500816 127 24.18 10422 24.23
624 1503057 216 36.85 10442 24.12
625 1504157 304 53.73 10458 24.12
626 1511760 220 37.58 10475 24.12
627 1512576 120 23.58 10492 24.44
628 1512971 240 41.21 10509 24.23
629 1516171 504 143.61 10526 24.12
630 1517055 204 34.73 10543 24.34
631 1519656 224 38.29 10559 24.12
632 1522645 224 38.29 10576 24.23
633 1529614 654 259.18 10593 24.12
634 1531902 217 37.04 10610 24.23
635 1538628 408 90.57 10627 24.23
636 1539012 199 33.86 10644 24.23
637 1540989 270 46.71 10660 24.34
638 1542920 512 144.44 10677 24.23
639 1544502 105 22.39 10696 24.12
640 1545093 384 80.08 10713 24.12
641 1547010 166 28.62 10729 24.12
642 1558266 312 55.68 10746 24.12
643 1559921 147 26.19 10763 24.23
644 1564755 204 34.73 10780 24.23
645 1567771 199 33.86 10797 24.23
646 1568917 176 30.09 10814 24.34
647 1571593 512 144.44 10831 24.12
648 1578039 49 15.48 10847 24.23
649 1581695 319 57.64 10864 24.23
650 1590699 323 58.48 10881 24.23
651 1591048 323 58.48 10898 24.23
652 1595290 195 33.17 10915 24.12
653 1595586 304 53.73 10935 24.34
654 1595932 124 23.92 10951 24.34
655 1599779 96 21.67 10968 24.23
656 1601227 192 32.67 10985 24.12
657 1601458 135 24.92 11002 24.23
658 1603733 241 41.39 11019 24.34
659 1605213 159 27.66 11036 24.12
660 1605973 112 22.94 11053 24.23
661 1608539 112 22.94 11070 24.12
662 1610059 231 39.55 11087 24.23
663 1616456 199 33.86 11104 24.23
664 1617933 230 39.39 11121 24.44
665 1622366 472 125.87 11138 24.34
666 1632334 192 32.67 11155 24.34
667 1633262 384 80.08 11172 24.44
668 1634629 103 22.23 11191 24.44
669 1638869 188 32.01 11208 24.44
670 1639186 240 41.21 11225 24.44
671 1641007 110 22.78 11242 24.44
672 1645256 220 37.58 11259 24.44
673 1645854 159 27.66 11276 24.34
674 1650347 384 80.08 11292 24.44
675 1650529 99 21.91 11309 24.23
676 1656771 255 43.96 11325 24.23
677 1657183 145 25.96 11342 24.23
678 1659806 124 23.92 11359 24.23
679 1668407 177 30.25 11376 24.34
680 1670741 441 109.77 11393 24.23
681 1673711 156 27.28 11410 24.12
682 1684891 199 33.86 11427 24.23
683 1686809 304 53.73 11447 24.23
684 1690961 254 43.77 11464 24.12
685 1691422 224 38.29 11481 24.23
686 1693846 158 27.53 11498 24.12
687 1695309 414 93.93 11515 24.34
688 1705448 135 24.92 11532 24.12
689 1707157 531 160.62 11549 24.12
690 1714643 252 43.42 11566 24.12
691 1715707 108 22.63 11583 24.12
692 1725540 414 93.93 11600 24.12
693 1725577 51 15.86 11617 24.23
694 1730413 176 30.09 11633 24.23
695 1733478 198 33.69 11650 24.12
696 1733707 224 38.29 11667 24.23
697 1733926 156 27.28 11687 24.12
698 1735564 448 112.41 11703 24.12
699 1738593 174 29.79 11720 24.12
700 1741212 51 15.86 11737 24.12
701 1744330 444 109.09 11754 24.23
702 1748983 287 50.23 11771 24.12
703 1749982 527 155.96 11788 24.12
704 1750216 161 27.93 11805 24.12
705 1754759 135 24.92 11822 24.12
706 1756443 195 33.17 11839 24.34
707 1758580 227 38.83 11856 24.12
708 1760328 192 32.67 11873 24.12
709 1763952 192 32.67 11890 24.12
710 1766144 220 37.58 11907 24.23
711 1768944 120 23.58 11924 24.23
712 1771408 305 53.88 11944 24.12
713 1772336 319 57.64 11961 24.23
714 1783381 304 53.73 11977 24.23
715 1783413 199 33.86 11994 24.23
716 1783725 312 55.68 12011 24.23
717 1832963 145 25.96 12028 24.23
718 1838851 225 38.48 12045 24.12
719 1849356 174 29.79 12062 24.23
720 1851908 230 39.39 12079 24.23
721 1854617 124 23.92 12096 24.12
722 1857210 176 30.09 12113 24.12
723 1859923 220 37.58 12130 24.23
724 1865095 433 104.37 12151 23.80
725 1865414 112 22.94 12168 24.12
726 1866071 159 27.66 12185 24.12
727 1869854 179 30.55 12199 24.12
728 1870448 184 31.36 12215 24.12
729 1871600 67 18.51 12231 23.91
730 1891921 211 35.96 12248 24.12
731 1901508 65 18.22 12264 24.12
732 1904127 195 33.17 12281 24.12
733 1905282 259 44.69 12298 24.23
734 1905729 319 57.64 12315 24.12
735 1907542 172 29.49 12331 24.12
736 1907616 71 19.06 12348 24.12
737 1907931 192 32.67 12364 24.12
738 1908016 371 73.82 12380 24.12
739 1908751 217 37.04 12396 24.12
740 1911821 240 41.21 12412 24.12
741 1912218 259 44.69 12432 24.12
742 1912338 319 57.64 12448 24.12
743 1915614 231 39.55 12464 24.12
744 1916561 275 47.73 12481 24.12
745 1916678 263 45.37 12498 23.80
746 1919420 152 26.78 12515 24.23
747 1921622 115 23.18 12532 24.12
748 1926725 280 48.67 12549 23.91
749 1927013 108 22.63 12566 24.12
750 1927111 131 24.54 12582 24.12
751 1933241 231 39.55 12599 24.23
752 1933383 167 28.76 12616 24.12
753 1933567 142 25.64 12632 24.34
754 1934989 184 31.36 12648 24.23
755 1947138 275 47.73 12665 24.12
756 1947200 152 26.78 12685 24.12
757 1948286 176 30.09 12701 24.12
758 1949137 412 92.93 12718 24.23
759 1953861 280 48.67 12734 24.23
760 1958611 152 26.78 12751 24.23
761 1961584 604 210.97 12768 24.34
762 1964912 67 18.51 12785 24.34
763 1969297 179 30.55 12802 24.34
764 1970471 158 27.53 12819 24.44
765 1977285 252 43.42 12836 24.34
766 1977726 312 55.68 12853 24.44
767 1979240 184 31.36 12869 24.44
768 1979976 504 143.61 12886 24.44
769 1980143 224 38.29 12903 24.44
770 1988998 227 38.83 12923 24.23
771 1989912 179 30.55 12940 24.44
772 1990205 103 22.23 12956 24.34
773 1990376 316 56.81 12972 24.34
774 1991007 417 95.20 12988 24.23
775 1991561 435 104.92 13004 24.34
776 1998379 158 27.53 13020 24.12
777 2006855 318 57.28 13037 24.34
778 2008290 387 81.05 13054 24.34
779 2011702 472 125.87 13071 24.34
780 2014082 231 39.55 13088 24.34
781 2014906 204 34.73 13105 24.44
782 2024792 368 72.93 13121 24.34
783 2028003 112 22.94 13138 24.44
784 2032704 184 31.36 13155 24.44
785 2038135 143 25.74 13175 24.44
786 2039073 359 69.86 13192 24.44
787 2039458 163 28.20 13208 24.44
788 2042671 371 73.82 13225 24.44
789 2045000 423 97.36 13242 24.44
790 2048073 167 28.76 13259 24.44
791 2051314 159 27.66 13276 24.44
792 2053470 179 30.55 13293 24.34
793 2055728 216 36.85 13310 24.44
794 2059655 199 33.86 13327 24.44
795 2063338 551 164.56 13344 24.34
796 2064200 216 36.85 13361 24.44
797 2066766 472 125.87 13377 24.34
798 2071880 222 37.96 13394 24.44
799 2073795 83 20.46 13411 24.44
800 2078497 124 23.92 13431 24.34
801 2081479 231 39.55 13448 24.34
802 2082271 391 82.35 13465 24.23
803 2086335 79 20.03 13481 24.23
804 2087068 412 92.93 13498 24.23
805 2088317 211 35.96 13514 24.23
806 2089477 252 43.42 13531 24.12
807 2091469 103 22.23 13548 24.23
808 2091813 159 27.66 13565 24.23
809 2093739 198 33.69 13581 24.12
810 2095436 127 24.18 13598 24.12
811 2095834 120 23.58 13615 24.34
812 2097621 56 16.76 13632 24.34
813 2107424 227 38.83 13649 24.34
814 2111292 211 35.96 13669 24.34
815 2112471 307 54.48 13686 24.44
816 2113689 384 80.08 13703 24.34
817 2120534 120 23.58 13720 24.34
818 2121744 384 80.08 13737 24.34
819 2127514 243 41.74 13754 24.34
820 2130759 419 97.20 13771 24.12
821 2131986 126 24.09 13788 24.12
822 2134588 399 87.30 13805 24.23
823 2137462 216 36.85 13822 24.12
824 2138797 265 45.75 13839 24.12
825 2139213 455 117.03 13856 24.23
826 2143997 280 48.67 13873 24.12
827 2147717 263 45.37 13890 24.12
828 2147800 304 53.73 13907 24.12
829 2149341 167 28.76 13926 24.12
830 2149600 83 20.46 13943 24.12
831 2151279 499 141.24 13960 24.23
832 2157566 263 45.37 13977 24.23
833 2160200 403 88.99 13994 24.23
834 2167568 88 20.96 14011 24.23
835 2168013 348 65.64 14028 24.12
836 2172746 152 26.78 14044 24.12
837 2174505 94 21.50 14061 24.23
838 2182190 248 42.69 14078 24.12
839 2187135 652 262.10 14095 24.12
840 2189270 398 85.63 14112 24.23
841 2190863 271 46.93 14129 23.91
842 2191177 51 15.86 14146 24.23
843 2191301 192 32.67 14162 24.23
844 2191603 332 61.17 14181 24.12
845 2194028 295 51.75 14197 24.12
846 2194701 305 53.88 14214 24.12
847 2198216 131 24.54 14230 24.12
848 2201998 188 32.01 14247 24.12
849 2204982 327 59.28 14263 23.80
850 2212648 284 49.41 14280 24.12
851 2213878 167 28.76 14297 24.12
852 2219700 143 25.74 14314 24.12
853 2223535 529 156.43 14331 24.12
854 2224532 103 22.23 14348 23.80
855 2233196 408 90.57 14365 24.12
856 2234052 174 29.79 14382 24.23
857 2236175 176 30.09 14398 24.23
858 2237603 295 51.75 14418 24.12
859 2240017 204 34.73 14434 24.12
860 2243060 423 97.36 14451 24.12
861 2248861 199 33.86 14468 24.12
862 2249482 92 21.32 14485 24.12
863 2250687 494 141.37 14501 24.23
864 2252265 195 33.17 14518 24.12
865 2260454 97 21.75 14534 24.23
866 2260480 536 160.18 14551 24.12
867 2262688 167 28.76 14568 24.12
868 2269589 526 158.17 14585 24.12
869 2271430 355 68.30 14602 24.12
870 2271647 451 113.08 14619 24.12
871 2271669 174 29.79 14635 24.12
872 2273740 184 31.36 14651 24.12
873 2277577 56 16.76 14670 24.12
874 2277715 184 31.36 14687 24.23
875 2282461 440 109.25 14703 24.23
876 2286022 124 23.92 14720 24.12
877 2287121 224 38.29 14737 24.23
878 2288042 335 61.77 14754 24.12
879 2289019 167 28.76 14770 24.23
880 2290228 188 32.01 14786 24.12
881 2293802 275 47.73 14803 24.23
882 2296200 403 88.99 14820 24.23
883 2297732 192 32.67 14837 24.12
884 2297854 295 51.75 14854 24.23
885 2298104 115 23.18 14871 24.12
886 2299031 240 41.21 14888 24.23
887 2300322 304 53.73 14908 24.23
888 2304281 172 29.49 14925 24.12
889 2306750 366 72.41 14942 24.23
890 2310008 172 29.49 14959 23.80
891 2311532 275 47.73 14976 23.80
892 2312156 313 56.02 14993 24.12
893 2312465 159 27.66 15009 24.23
894 2315918 304 53.73 15025 24.12
895 2317630 236 40.44 15042 24.12
896 2318477 327 59.28 15059 24.23
897 2323343 243 41.74 15076 24.23
898 2324266 387 81.05 15093 24.23
899 2325965 216 36.85 15110 24.12
900 2326700 243 41.74 15127 24.12
901 2329418 319 57.64 15144 24.12
902 2330429 209 35.61 15164 24.23
903 2331470 60 17.43 15181 24.12
904 2333564 195 33.17 15198 24.12
905 2336387 334 61.44 15215 24.23
906 2336442 415 95.00 15232 24.23
907 2338720 287 50.23 15248 24.34
908 2343093 192 32.67 15265 24.23
909 2344814 199 33.86 15282 24.23
910 2345622 368 72.93 15299 24.23
911 2345918 255 43.96 15315 24.23
912 2346323 167 28.76 15331 24.44
913 2352658 78 19.92 15347 24.23
914 2353470 366 72.41 15364 24.34
915 2353881 56 16.76 15381 24.23
916 2355982 321 58.01 15398 24.34
917 2356698 483 132.60 15422 24.34
918 2359136 352 66.89 15439 24.34
919 2364625 655 252.34 15456 24.34
920 2367642 199 33.86 15473 24.34
921 2367837 124 23.92 15490 24.23
922 2368638 159 27.66 15507 24.34
923 2370688 384 80.08 15523 24.44
924 2371311 368 72.93 15540 24.23
925 2373345 94 21.50 15556 24.34
926 2377399 70 18.93 15573 24.34
927 2380413 255 43.96 15590 24.34
928 2381686 611 211.89 15607 24.34
929 2382014 639 249.88 15624 24.34
930 2383669 142 25.64 15641 24.34
931 2384418 518 151.06 15661 24.44
932 2385637 318 57.28 15678 24.44
933 2387860 231 39.55 15695 24.34
934 2388072 414 93.93 15712 24.44
935 2389771 135 24.92 15729 24.44
936 2390387 152 26.78 15746 24.44
937 2391712 455 117.03 15762 24.34
938 2393189 184 31.36 15779 24.34
939 2394089 188 32.01 15796 24.44
940 2397077 159 27.66 15812 24.34
941 2398246 304 53.73 15829 24.44
942 2403140 204 34.73 15846 24.44
943 2403424 193 32.84 15863 24.44
944 2403729 120 23.58 15879 24.44
945 2408403 156 27.28 15896 24.44
946 2411106 768 471.89 15916 24.34
947 2413342 97 21.75 15933 24.44
948 2422473 289 50.47 15950 24.44
949 2423056 319 57.64 15967 24.44
950 2424038 302 53.30 15983 24.44
951 2434877 156 27.28 16000 24.44
952 2439001 327 59.28 16017 24.44
953 2439750 289 50.47 16034 24.44
954 2449151 172 29.49 16051 24.34
955 2450694 188 32.01 16068 24.44
956 2454320 135 24.92 16085 24.44
957 2457832 263 45.37 16102 24.44
958 2462619 280 48.67 16119 24.34
959 2463561 271 46.93 16136 24.44
960 2466069 96 21.67 16153 24.44
961 2467445 227 38.83 16175 24.44
962 2476863 408 90.57 16192 24.44
963 2477036 225 38.48 16209 24.44
964 2479499 271 46.93 16226 24.44
965 2482994 287 50.23 16243 24.44
966 2483592 81 20.25 16260 24.44
967 2483893 358 69.10 16276 24.44
968 2485072 184 31.36 16292 24.44
969 2489198 448 112.41 16309 24.44
970 2491278 480 130.21 16326 24.44
971 2492922 408 90.57 16343 24.44
972 2492954 124 23.92 16360 24.44
973 2496245 236 40.44 16377 24.44
974 2496740 396 85.28 16394 24.44
975 2497345 335 61.77 16413 24.44
976 2499192 359 69.86 16429 24.44
977 2503071 366 72.41 16445 24.34
978 2503205 140 25.42 16462 24.44
979 2505248 327 59.28 16479 24.44
980 2509185 158 27.53 16496 24.44
981 2513713 108 22.63 16513 24.44
982 2517765 131 24.54 16530 24.44
983 2520930 611 211.89 16547 24.44
984 2531602 188 32.01 16564 24.44
985 2531662 551 164.56 16580 24.44
986 2532261 280 48.67 16597 24.44
987 2540194 380 78.12 16614 24.44
988 2543624 192 32.67 16631 24.44
989 2544760 174 29.79 16648 24.44
990 2547335 287 50.23 16667 24.44
991 2551250 63 17.91 16684 24.44
992 2561705 96 21.67 16701 24.44
993 2561863 103 22.23 16718 24.44
994 2562094 51 15.86 16734 24.44
995 2563169 211 35.96 16751 24.44
996 2564034 176 30.09 16768 24.44
997 2568195 295 51.75 16784 24.44
998 2568525 184 31.36 16801 24.44
999 2569089 337 62.30 16817 24.44
1000 2572567 209 35.61 16833 24.44
1001 2573199 224 38.29 16850 24.44
1002 2577194 71 19.06 16867 24.44
1003 2579347 230 39.39 16884 24.44
1004 2596021 387 81.05 16904 24.44
1005 2596143 115 23.18 16921 24.44
1006 2596332 224 38.29 16938 24.44
1007 2598306 67 18.51 16955 24.44
1008 2599921 62 17.75 16972 24.44
1009 2601290 176 30.09 16989 24.44
1010 2601431 689 300.98 17006 24.34
1011 2604514 335 61.77 17023 24.44
1012 2609240 120 23.58 17040 24.44
1013 2609283 414 93.93 17057 24.44
1014 2610147 177 30.25 17074 24.44
1015 2612611 124 23.92 17091 24.44
1016 2612971 216 36.85 17108 24.44
1017 2614382 174 29.79 17125 24.44
1018 2615130 51 15.86 17142 24.34
1019 2615748 207 35.26 17161 24.44
1020 2626908 252 43.42 17178 24.34
1021 2629025 537 162.17 17195 24.34
1022 2629356 167 28.76 17212 24.44
1023 2629708 403 88.99 17229 24.44
1024 2636215 198 33.69 17246 24.44
1025 2636744 268 46.26 17263 24.44
1026 2637428 255 43.96 17280 24.44
1027 2642074 71 19.06 17297 24.44
1028 2645653 369 73.42 17314 24.44
1029 2645710 156 27.28 17331 24.44
1030 2650604 271 46.93 17348 24.44
1031 2661339 600 203.87 17365 24.34
1032 2661752 207 35.26 17382 24.44
1033 2664030 108 22.63 17401 24.34
1034 2666921 142 25.64 17418 24.34
1035 2673888 369 73.42 17435 24.34
1036 2692375 48 15.29 17452 24.44
1037 2694625 289 50.47 17469 24.34
1038 2694725 371 73.82 17486 24.44
1039 2696037 636 231.85 17503 24.34
1040 2696897 135 24.92 17520 24.44
1041 2700014 135 24.92 17537 24.34
